indiv	fam	timepoint	relation	0.0	0.01	0.02	0.03	0.04	0.05	0.06	0.07	0.08	0.09	0.1	0.11	0.12	0.13	0.14	0.15	0.16	0.17	0.18	0.19	0.2	0.21	0.22	0.23	0.24	0.25	0.26	0.27	0.28	0.29	0.3	0.31	0.32	0.33	0.34	0.35	0.36	0.37	0.38	0.39	0.4	0.41	0.42	0.43	0.44	0.45	0.46	0.47	0.48	0.49	0.5	0.51	0.52	0.53	0.54	0.55	0.56	0.57	0.58	0.59	0.6	0.61	0.62	0.63	0.64	0.65	0.66	0.67	0.68	0.69	0.7	0.71	0.72	0.73	0.74	0.75	0.76	0.77	0.78	0.79	0.8	0.81	0.82	0.83	0.84	0.85	0.86	0.87	0.88	0.89	0.9	0.91	0.92	0.93	0.94	0.95	0.96	0.97	0.98	0.99
fam0457-F1-V05	fam0457	F1	V05	0	0	0	0	0	5	32	69	171	261	450	457	629	725	708	779	946	996	967	764	1389	1100	1082	1111	767	1641	1292	1168	1227	1081	1535	1261	1063	1642	1245	1501	1512	1347	1519	973	2081	1536	1686	1288	1349	1622	1470	1482	1433	278	2490	1098	1322	1104	1070	1070	979	1067	925	545	1199	813	679	647	615	601	707	271	506	402	617	352	456	402	151	487	373	238	333	148	584	395	266	331	382	396	383	265	424	247	826	511	746	694	757	848	1032	888	426	17143
fam0457-F2-V05	fam0457	F2	V05	0	0	0	0	0	0	0	0	0	5	4	20	31	58	86	79	140	141	111	104	193	154	125	172	39	158	135	111	97	64	132	69	13	113	7	53	83	23	34	5	95	49	23	12	7	49	37	18	6	0	123	5	18	47	58	14	22	53	79	7	140	95	38	129	93	27	248	9	133	137	262	158	288	179	14	373	404	214	342	77	915	693	301	613	619	768	607	490	848	353	1547	679	1329	950	1007	1043	596	93	3	19159
fam0457-F2-V06	fam0457	F2	V06	0	0	0	0	3	38	109	251	560	643	858	832	921	883	721	726	734	591	533	366	579	382	309	398	155	389	242	227	188	142	288	148	90	230	61	157	175	112	143	38	245	145	128	74	78	183	165	110	67	8	440	41	141	178	181	121	146	174	221	57	359	232	170	259	242	197	447	110	341	269	550	355	566	506	209	785	781	598	809	460	1317	1059	1019	1027	1225	1299	1312	1159	1545	1013	2091	1322	1676	1500	1415	1416	1634	1251	319	22980
fam0457-T-V02	fam0457	T	V02	0	0	8	32	41	41	41	50	62	63	71	70	83	77	76	72	78	62	54	57	73	105	79	56	39	76	77	61	72	56	67	73	45	61	55	52	56	48	32	25	64	57	70	36	48	51	55	55	44	20	83	43	59	58	47	49	47	54	53	51	69	58	59	59	57	59	54	59	53	41	62	49	92	68	60	94	84	71	97	64	168	147	106	154	156	155	162	156	269	147	705	403	725	632	762	918	1118	512	56	40019
fam0457-T-V05	fam0457	T	V05	0	2	64	438	1346	2406	2937	3364	3466	3334	3541	3164	3194	2909	2700	2554	2297	2098	1940	1597	1741	1373	1308	1258	1039	1298	1124	952	1039	836	1030	837	888	915	781	872	890	773	798	636	908	901	839	721	748	894	884	849	805	467	1232	718	870	869	848	781	852	847	900	741	1051	848	805	809	928	818	877	754	848	788	916	747	877	858	683	979	863	912	917	697	1181	1051	922	994	1084	1078	990	869	1013	799	1125	895	1105	1088	1185	1387	1852	2497	3872	11777
fam0457-T-V06	fam0457	T	V06	0	1	33	125	188	179	200	184	185	163	134	129	106	96	95	103	83	86	75	65	66	79	55	51	58	63	54	48	64	58	55	48	48	47	55	52	35	39	42	31	36	47	24	38	35	38	30	40	31	25	53	32	28	23	24	33	32	37	31	23	26	29	18	15	14	15	23	14	14	16	26	16	22	10	6	23	28	21	20	18	52	42	27	39	51	60	50	39	73	59	260	173	274	312	475	713	1275	2547	6811	57576
fam0501-T-V03	fam0501	T	V03	0	0	0	0	5	8	31	81	152	226	427	540	718	819	839	920	1019	1043	837	714	1300	1025	890	988	552	1330	1023	881	967	746	1131	922	636	1290	778	956	1029	777	955	496	1324	932	943	621	697	923	774	772	679	70	1684	554	688	742	652	577	528	679	617	292	872	605	420	514	502	451	774	218	570	421	692	492	725	651	249	908	868	522	780	391	1197	889	782	805	919	971	892	686	999	571	1387	840	1035	901	923	1065	1177	867	191	18365
fam0501-T-V04	fam0501	T	V04	0	0	0	0	0	5	15	34	57	62	62	89	95	100	119	125	161	183	179	137	335	295	280	355	221	474	423	422	460	397	604	570	459	730	495	707	688	650	773	401	1051	749	825	625	621	852	786	722	765	147	1346	621	810	674	642	634	597	664	645	334	673	488	419	409	424	358	442	163	324	209	342	190	263	192	84	268	199	117	145	45	289	224	116	203	245	271	254	256	471	287	1011	685	1086	1210	1306	1720	2039	1951	1083	30838
fam0501-T-V08	fam0501	T	V08	0	0	0	0	0	0	0	0	1	0	2	3	6	6	7	5	7	8	5	7	11	7	4	6	3	10	11	12	9	6	8	14	2	8	13	16	14	6	11	6	20	8	17	11	11	20	16	10	7	2	27	4	6	10	5	8	8	9	6	2	12	6	4	7	4	6	4	4	7	5	11	9	6	1	0	6	8	2	5	1	23	17	9	23	20	26	29	33	62	35	344	181	399	401	519	735	875	502	54	35082
fam0501-T-V10	fam0501	T	V10	0	0	0	0	0	1	0	0	1	2	9	12	43	56	85	96	127	157	180	100	233	229	155	226	17	280	169	154	128	81	224	98	14	197	10	84	94	30	59	10	122	73	32	23	13	70	65	19	8	0	212	1	48	61	113	30	37	63	98	10	190	133	47	187	131	43	321	9	167	140	404	160	412	265	18	507	481	179	406	74	909	714	310	644	588	651	551	387	606	260	1510	687	1093	731	712	598	273	31	1	15723
fam0502-F1-V05	fam0502	F1	V05	0	463	4943	4247	1953	874	483	301	185	115	120	81	56	60	46	31	38	34	44	34	42	48	50	46	39	68	52	50	44	35	61	49	37	81	35	73	69	55	72	20	85	67	62	58	57	86	79	51	51	10	176	40	86	77	70	74	67	93	100	50	142	99	85	111	107	86	123	89	120	110	172	132	149	155	91	185	213	174	213	181	285	263	255	372	333	428	474	526	690	696	1059	1199	1807	2323	3676	5671	7635	8370	6311	31880
fam0502-T-V00	fam0502	T	V00	0	0	0	0	7	50	194	449	795	852	1239	1136	1239	1055	1018	955	851	725	599	401	547	375	305	280	137	290	177	154	138	88	149	102	46	175	46	93	122	68	95	24	143	100	102	51	46	101	111	78	32	6	315	26	107	146	105	72	87	154	124	60	253	166	140	196	184	167	315	121	258	205	385	260	401	395	196	642	609	511	689	456	1143	954	954	1120	1280	1379	1481	1373	1625	1273	1830	1320	1426	1203	1079	1052	1152	1204	1326	26234
fam0502-T-V01	fam0502	T	V01	0	0	0	0	0	0	2	2	13	7	14	16	23	34	40	49	40	49	43	46	89	63	60	72	37	80	64	60	48	44	72	49	35	72	32	60	39	41	47	25	62	42	53	36	39	41	32	39	58	10	74	36	43	35	31	54	38	32	41	20	57	34	28	51	29	33	49	21	34	32	71	28	56	40	13	95	75	36	71	20	202	182	59	193	201	207	229	198	346	186	1127	544	984	869	975	1173	1028	281	12	28531
fam0502-T-V02	fam0502	T	V02	0	38	1554	3966	5005	4511	3363	2115	1193	739	518	368	305	286	207	160	153	163	157	125	140	144	142	130	100	161	117	135	128	95	136	109	76	125	74	91	117	75	104	50	122	115	108	79	71	102	97	111	84	36	231	80	115	113	109	96	126	123	132	99	181	142	151	128	172	174	202	143	181	180	245	221	267	228	200	352	302	306	378	342	502	474	490	567	642	731	924	1024	1392	1773	2650	3238	4213	4614	4423	3823	3169	2875	3573	30440
fam0502-T-V03	fam0502	T	V03	0	0	1	98	826	1940	2360	2021	1590	1126	905	622	449	314	199	198	155	144	89	68	90	45	56	69	30	70	71	64	64	54	98	64	11	142	16	99	112	48	107	9	171	129	90	36	41	121	118	74	31	3	319	25	95	146	141	80	71	130	149	44	230	154	114	165	163	143	240	71	188	174	263	201	294	267	165	406	404	336	480	350	725	672	744	888	979	1235	1431	1576	2011	2068	2773	2662	3103	3080	3122	2959	2780	2552	2828	25312
fam0502-T-V04	fam0502	T	V04	0	0	1	12	102	186	237	238	241	211	296	269	274	333	296	361	407	468	521	438	675	615	681	632	577	865	751	702	769	689	723	625	573	574	462	454	469	377	358	285	362	251	276	233	217	251	234	212	232	89	415	233	298	300	303	299	342	363	440	337	584	505	567	555	614	646	694	583	628	565	685	579	586	542	367	586	456	368	363	228	449	322	250	293	297	329	306	295	448	343	822	728	1046	1302	1544	2047	2678	3274	4010	31461
fam0502-T-V05	fam0502	T	V05	0	0	0	0	0	0	0	0	0	0	2	3	7	12	21	41	72	81	92	65	182	204	116	235	13	308	163	233	168	68	348	113	9	306	8	146	219	49	133	6	273	131	90	39	12	158	122	38	3	0	452	6	56	145	183	41	48	129	212	11	335	206	69	272	190	36	415	1	139	195	473	192	390	265	1	494	395	119	329	23	790	618	156	498	434	403	304	205	286	111	1195	459	730	460	348	203	41	2	0	11223
fam0502-T-V06	fam0502	T	V06	0	0	0	0	0	22	119	325	602	786	1184	1203	1361	1312	1390	1303	1326	1255	1119	826	1189	915	811	723	433	702	508	463	395	302	401	278	165	374	136	226	238	134	188	70	243	174	202	132	119	207	190	190	129	1	566	100	274	251	248	195	220	332	325	160	493	339	343	394	456	480	673	401	680	555	918	730	1018	941	690	1318	1281	1114	1351	938	1754	1364	1334	1211	1266	1321	1189	1024	1077	810	1210	816	937	814	723	813	971	1039	881	24955
fam0502-T-V07	fam0502	T	V07	0	0	0	0	0	0	0	0	0	0	1	2	3	3	5	7	7	8	13	7	10	14	11	25	0	29	9	9	10	10	16	1	2	7	3	6	3	8	6	1	11	8	6	5	4	2	5	4	1	0	11	1	4	8	4	5	4	2	2	2	7	5	7	9	9	3	19	1	5	10	30	11	19	10	0	45	46	19	48	3	155	153	34	122	100	137	121	85	180	69	705	313	484	413	429	432	237	37	1	24303
fam0502-T-V10	fam0502	T	V10	0	0	0	1	1	0	1	0	2	0	4	0	5	9	7	10	15	12	11	8	16	14	13	14	5	16	16	11	13	12	12	5	6	13	3	11	6	4	7	2	10	5	8	7	6	7	8	4	8	0	23	5	6	6	6	9	2	13	7	3	10	5	7	14	10	2	10	3	6	11	29	12	24	11	0	39	38	12	28	7	169	164	39	169	196	197	198	138	306	133	1086	542	969	844	896	934	760	170	8	31101
fam0504-F1-V00	fam0504	F1	V00	0	0	0	0	0	1	0	0	0	0	0	1	0	2	1	2	2	5	4	2	2	5	3	2	0	7	5	4	2	0	7	6	1	7	4	9	4	7	5	7	9	7	6	5	6	7	13	10	5	0	19	5	3	4	8	6	5	4	8	3	17	4	1	4	8	5	3	1	2	5	12	2	14	4	0	10	10	3	9	1	67	56	16	62	53	57	50	43	102	31	506	220	405	349	377	403	307	62	2	26591
fam0504-F1-V01	fam0504	F1	V01	0	0	0	0	0	0	0	1	0	2	4	4	5	5	2	6	4	6	6	13	10	11	7	15	4	12	7	3	7	10	12	8	7	8	11	8	9	3	9	4	15	9	9	9	7	9	14	6	8	2	12	5	8	17	6	7	7	4	8	4	18	3	3	3	2	5	5	3	2	3	10	2	3	3	0	11	12	4	2	0	16	30	6	24	23	21	26	25	47	31	231	114	277	273	361	583	758	478	65	43327
fam0504-F1-V02	fam0504	F1	V02	0	0	1	4	18	6	16	14	14	11	10	21	14	9	7	15	20	7	11	19	14	11	18	23	9	17	15	10	23	7	12	9	12	17	14	13	18	13	15	9	17	10	11	10	17	16	15	12	10	12	20	9	12	14	15	19	10	12	11	8	11	10	15	9	7	17	11	5	8	13	11	7	6	9	6	13	12	9	12	10	29	12	10	25	25	28	19	24	26	18	98	61	117	112	175	274	479	929	3484	62023
fam0504-F1-V03	fam0504	F1	V03	0	0	0	2	0	4	3	9	13	10	9	12	12	18	16	16	8	13	13	16	14	11	13	8	12	16	5	11	11	18	14	15	11	10	7	11	7	12	15	13	15	12	15	9	17	16	8	7	8	9	16	16	10	10	12	14	7	10	18	15	11	10	5	4	9	6	13	8	7	11	9	11	9	5	6	7	4	13	12	10	12	10	10	14	13	13	5	10	15	15	55	42	55	70	108	182	352	791	3167	59719
fam0504-F1-V04	fam0504	F1	V04	0	0	0	3	1	3	1	10	6	14	10	10	13	8	11	12	15	15	9	13	15	12	15	21	10	14	8	8	11	11	7	16	10	12	8	7	8	12	9	8	13	15	9	22	11	10	9	11	10	8	15	15	10	13	6	8	9	5	11	9	8	11	6	5	8	5	13	9	11	14	12	9	12	9	7	15	11	8	20	7	41	30	13	32	28	34	34	41	70	31	245	139	300	325	405	709	1353	2411	5153	51001
fam0504-F1-V05	fam0504	F1	V05	0	0	0	0	0	0	0	0	0	1	0	0	0	2	1	3	3	3	8	3	3	3	2	8	1	8	6	6	4	4	9	11	3	18	4	7	11	6	8	3	12	1	7	4	6	5	7	7	2	0	24	5	7	6	7	2	5	3	7	1	8	9	5	9	2	5	9	0	4	1	12	3	12	5	0	9	8	1	8	0	67	59	9	62	53	63	72	53	95	31	499	235	407	329	342	341	165	19	2	24781
fam0504-F1-V06	fam0504	F1	V06	0	0	0	1	5	4	6	5	9	15	20	10	10	13	23	14	16	17	11	11	17	9	13	16	11	19	14	8	8	12	14	6	10	14	7	13	12	24	10	14	21	10	12	13	11	13	19	25	16	15	7	12	11	12	12	10	8	7	6	6	14	7	9	15	3	8	13	7	10	8	10	8	20	9	5	18	8	8	25	11	61	40	21	59	64	63	66	59	101	68	312	164	310	357	469	805	1469	3200	8184	49865
fam0504-F1-V08	fam0504	F1	V08	0	0	0	1	6	3	7	8	8	7	8	20	11	19	11	11	19	6	10	15	11	10	19	14	12	11	9	13	12	12	15	7	15	9	11	4	15	6	11	3	7	11	21	15	11	14	15	12	12	9	24	8	12	12	9	8	12	8	9	3	8	4	7	2	7	4	3	8	2	5	21	6	9	11	3	16	8	5	11	2	33	37	13	28	21	35	45	25	54	27	194	96	219	243	342	622	1219	2430	5948	51574
fam0504-F1-V09	fam0504	F1	V09	0	0	0	2	17	131	393	631	791	776	861	607	520	379	314	243	190	144	102	84	83	75	62	55	23	66	46	40	41	28	49	34	16	66	18	41	44	22	52	11	75	54	33	25	28	67	53	49	24	10	182	11	44	68	54	35	59	89	84	17	136	91	51	94	96	78	149	22	110	101	211	135	234	188	61	298	281	203	298	174	546	448	476	583	663	828	975	1031	1415	1399	2220	1950	2375	2323	2310	2487	2563	2385	2815	27252
fam0504-F1-V10	fam0504	F1	V10	0	0	3	8	53	75	106	86	88	91	87	77	84	60	61	45	42	43	50	25	16	24	11	17	14	16	18	16	12	21	11	13	6	10	8	14	11	9	13	11	15	14	8	8	14	15	16	14	11	12	20	12	20	17	9	11	11	7	11	10	22	8	14	19	10	13	24	7	13	21	27	17	31	17	8	29	36	21	59	13	121	106	55	104	99	139	122	110	226	134	543	369	633	812	1087	1737	2822	4608	7442	41353
fam0504-F2-V01	fam0504	F2	V01	0	0	0	0	0	0	0	0	0	2	15	23	53	58	95	127	268	255	322	279	595	589	532	853	148	1147	947	807	822	521	1238	706	147	1477	229	964	972	523	917	126	1401	878	805	397	325	906	854	598	115	0	2177	66	611	781	629	383	420	707	753	129	1084	684	337	657	553	234	1003	36	422	415	802	351	637	431	34	751	649	235	452	58	898	664	224	582	485	491	358	230	417	149	919	389	541	341	324	250	121	14	1	7975
fam0504-F2-V02	fam0504	F2	V02	0	0	0	6	148	469	963	1268	1676	1755	2148	2019	2099	2203	2031	2121	2139	1987	1937	1495	2068	1703	1645	1510	1302	1787	1461	1379	1416	1278	1422	1365	1378	1333	1270	1278	1443	1335	1386	1243	1585	1305	1301	1258	1225	1173	1102	1010	975	613	1382	939	942	947	846	846	854	790	770	582	736	593	528	514	506	445	448	352	377	331	408	353	337	322	233	404	318	272	292	219	375	331	277	276	304	306	327	254	323	252	461	305	445	419	522	649	823	1006	1545	15149
fam0504-F2-V06	fam0504	F2	V06	0	0	0	24	249	867	1478	1820	2280	2130	2433	2130	2382	2254	2251	2183	2301	2306	2387	2033	2727	2370	2454	2395	1999	2831	2500	2388	2401	2299	2403	2091	2129	2063	1834	1765	1739	1555	1563	1261	1570	1259	1281	1173	1089	1176	1044	976	992	565	1300	835	950	906	951	876	879	870	890	678	966	905	839	773	746	705	757	647	610	542	573	526	490	417	316	492	373	282	286	200	361	297	250	245	270	252	286	231	310	244	378	349	407	475	503	553	628	714	1168	10437
fam0504-F2-V07	fam0504	F2	V07	0	0	0	10	107	333	621	1076	1329	1560	1843	1850	2115	2083	2148	2267	2199	2212	2344	1947	2480	2113	1957	1883	1594	1952	1540	1411	1355	1104	1203	974	958	945	763	827	807	827	855	575	878	761	810	751	802	877	814	877	860	513	1303	814	829	846	805	773	758	751	782	699	894	722	845	788	800	814	906	762	968	891	1058	974	1098	1054	903	1281	1072	1067	983	786	1017	834	731	640	640	585	502	430	512	380	717	546	736	807	948	1275	1794	2426	3554	16795
fam0504-F2-V08	fam0504	F2	V08	0	0	52	640	1484	1827	1823	1728	1718	1539	1738	1599	1702	1613	1564	1574	1545	1484	1450	1361	1469	1290	1281	1272	1200	1474	1456	1449	1584	1662	1920	1745	1789	1741	1692	1659	1669	1655	1521	1322	1521	1314	1305	1241	1208	1188	1179	1075	1043	824	1322	978	1023	976	998	942	1003	1036	1107	990	1164	1142	1138	1178	1107	1066	1002	825	789	658	626	541	560	465	346	485	452	386	415	313	473	409	393	423	415	384	408	410	448	395	561	523	600	692	790	1007	1198	1462	2645	23348
fam0504-F2-V09	fam0504	F2	V09	0	0	0	9	137	472	919	1197	1537	1530	1825	1726	1825	1807	1821	1847	1976	1863	1842	1569	2120	1768	1756	1761	1392	1962	1586	1473	1406	1265	1369	1254	1030	1246	1010	1096	1012	914	978	679	1223	917	895	807	836	961	935	796	734	362	1290	699	823	718	730	681	686	762	760	585	948	786	782	801	827	852	971	782	1008	800	1096	922	960	862	612	1048	919	754	745	553	921	693	624	638	622	590	622	570	730	594	976	753	999	974	1115	1236	1466	1484	1754	12773
fam0504-F2-V10	fam0504	F2	V10	0	0	0	0	0	0	1	27	98	159	313	401	606	699	797	920	1098	1229	1069	958	1604	1327	1237	1379	647	1872	1305	1114	1236	932	1428	1067	602	1595	660	1154	1104	784	1025	366	1449	980	972	582	584	992	823	766	577	21	2003	424	841	814	714	649	620	826	826	349	1134	771	668	705	771	592	1131	294	788	547	940	557	842	674	244	890	907	539	699	244	1069	690	589	621	635	659	588	457	627	350	918	492	726	592	560	588	650	378	60	12994
fam0504-F3-V01	fam0504	F3	V01	0	0	0	0	0	0	1	0	3	0	5	5	16	31	41	61	152	156	152	134	282	309	234	401	36	437	326	324	259	121	515	207	9	420	12	249	292	75	233	12	424	231	147	76	51	294	254	88	9	0	753	7	147	303	255	104	131	255	355	39	587	383	164	458	348	112	701	15	375	367	764	333	679	441	21	752	690	220	506	46	1126	845	291	633	593	592	458	306	446	164	1354	538	789	527	416	296	84	9	2	12026
fam0504-F3-V02	fam0504	F3	V02	0	0	0	0	0	0	0	0	0	1	2	9	16	17	22	45	71	91	94	83	150	160	138	216	29	277	204	192	172	100	331	172	14	314	33	181	213	69	157	18	323	170	161	70	47	204	203	107	11	0	501	3	120	176	208	66	96	177	220	26	318	196	87	227	191	64	368	5	180	170	345	168	295	205	19	370	350	108	255	20	580	455	127	360	347	368	272	214	344	141	1112	512	806	621	649	504	191	13	3	21652
fam0504-F3-V04	fam0504	F3	V04	0	0	103	713	877	593	261	141	79	56	44	34	26	20	23	24	19	11	21	6	24	16	13	9	5	10	16	16	6	9	12	8	3	16	4	12	11	9	11	4	31	12	10	7	8	16	24	18	8	6	72	4	21	20	36	8	12	27	42	7	68	43	17	44	53	15	71	14	50	35	72	45	86	79	23	128	109	75	94	55	191	138	137	161	195	221	251	235	357	306	631	603	862	1265	1879	3153	4846	5975	6464	34957
fam0504-F3-V05	fam0504	F3	V05	0	0	0	0	0	1	6	38	122	194	425	625	768	979	919	1094	1182	1259	1184	932	1543	1229	1126	1179	652	1497	971	822	926	719	949	696	520	975	459	636	613	489	534	219	736	488	465	317	332	496	433	431	287	10	1131	274	569	506	498	519	499	691	649	360	1026	759	726	731	855	758	1007	505	976	728	1148	768	969	877	418	1179	1046	692	805	396	1144	825	736	691	733	862	728	522	765	416	976	569	761	683	658	744	742	529	109	16253
fam0504-F3-V09	fam0504	F3	V09	0	0	0	0	0	0	0	0	1	1	2	8	15	32	72	83	166	187	220	210	428	464	407	611	139	904	782	632	670	415	1142	664	117	1427	146	835	879	444	809	122	1205	783	669	336	224	754	752	456	93	0	2035	42	485	674	591	261	325	556	694	84	931	631	305	628	536	213	914	29	452	412	804	409	661	422	35	681	558	201	416	50	795	573	207	440	364	352	244	171	213	77	712	301	404	253	278	184	64	11	0	12387
fam0504-T-V00	fam0504	T	V00	0	4	1	7	5	12	14	14	30	37	49	39	55	52	56	58	59	49	54	49	71	51	57	47	53	58	65	47	56	44	53	47	47	56	45	49	56	63	46	57	66	62	61	55	49	56	57	55	46	35	55	46	50	55	55	44	50	46	56	44	48	45	51	45	57	38	44	37	43	48	51	58	70	56	57	77	78	62	63	73	92	71	82	65	58	57	49	43	50	35	141	86	128	144	233	430	844	1527	2555	52039
fam0504-T-V02	fam0504	T	V02	0	0	0	0	0	0	0	0	2	4	19	32	82	120	191	210	405	426	464	431	880	904	844	1190	249	1624	1323	1128	1134	819	1717	1217	263	2222	371	1459	1389	787	1391	235	1834	1274	1227	626	559	1222	1111	948	291	0	2831	166	901	906	745	523	579	791	810	174	1118	745	394	678	600	297	907	49	463	407	730	374	640	376	40	593	509	201	351	62	667	473	190	358	297	307	205	153	212	91	559	226	334	200	211	169	101	23	2	9910
fam0504-T-V07	fam0504	T	V07	0	0	0	0	0	0	0	1	1	0	2	2	8	8	18	19	42	35	54	46	115	129	123	198	25	252	220	213	186	127	365	193	23	438	30	266	315	112	224	21	431	244	203	91	62	303	260	139	26	0	760	20	159	266	248	81	136	202	256	34	414	264	106	293	230	88	426	8	168	203	496	197	375	229	10	412	323	104	249	20	671	507	155	406	351	394	313	201	382	122	1309	535	794	592	551	413	145	19	1	12185
fam0504-T-V08	fam0504	T	V08	0	0	0	0	0	9	21	49	125	192	351	407	658	769	845	957	1034	1213	1113	882	1495	1194	1206	1130	816	1434	1073	952	912	747	871	671	541	690	457	526	484	366	371	193	442	306	329	179	188	285	263	237	176	16	573	148	317	269	259	283	297	363	388	212	567	426	442	496	545	603	757	434	739	612	932	681	851	787	479	1119	901	721	852	449	1049	748	668	582	609	628	575	427	583	338	813	633	745	749	824	1090	1392	1417	631	23390
fam0504-T-V09	fam0504	T	V09	0	0	0	2	32	210	610	1011	1477	1533	1845	1735	1745	1614	1504	1379	1268	1205	1078	773	934	741	588	551	327	446	362	310	266	190	258	197	110	218	113	158	154	123	146	71	184	139	171	110	102	170	168	148	108	12	358	92	151	161	173	148	161	232	207	124	293	241	218	241	267	278	384	271	419	370	581	479	628	625	487	932	929	855	1068	860	1454	1193	1255	1209	1215	1215	1195	1006	1044	837	1174	855	990	949	931	1047	1223	1563	2592	24566
fam0505-T-V00	fam0505	T	V00	0	0	0	3	4	2	5	7	1	4	1	5	4	9	11	3	4	6	3	5	12	8	6	5	10	8	8	8	11	11	2	3	7	9	5	8	12	4	1	6	7	5	1	13	8	7	4	7	5	7	9	5	5	3	7	4	7	11	6	5	4	3	9	5	12	5	11	6	2	5	7	7	6	8	3	7	7	4	6	5	10	10	7	15	10	15	9	8	21	15	70	40	76	89	126	238	422	968	2816	57037
fam0505-T-V01	fam0505	T	V01	0	0	2	1	1	2	2	10	6	3	6	9	6	7	7	9	3	4	7	4	11	3	2	1	14	7	5	8	7	12	12	13	12	6	4	5	6	6	5	4	6	6	6	1	11	2	10	11	8	4	8	3	6	5	3	8	12	5	9	8	8	5	3	4	2	5	5	5	3	8	10	4	6	9	4	4	5	3	8	2	14	9	6	19	13	12	19	12	12	11	80	40	85	85	127	202	440	908	2746	56606
fam0505-T-V02	fam0505	T	V02	0	1	2	2	13	4	5	14	2	5	15	5	7	8	5	9	6	4	9	12	8	4	8	3	6	10	13	8	7	8	6	12	7	2	7	7	11	5	9	7	8	11	5	5	5	7	6	17	7	4	8	5	9	10	6	10	6	10	3	8	12	4	5	8	4	13	6	2	9	14	6	6	11	6	5	3	6	7	8	3	22	16	7	14	15	13	33	14	24	21	77	55	99	107	157	242	413	988	3907	59805
fam0505-T-V03	fam0505	T	V03	0	0	30	141	153	161	157	146	142	110	84	90	62	89	65	53	57	60	50	41	38	56	38	37	27	33	21	25	26	20	12	8	14	11	8	8	9	12	10	2	3	8	6	6	7	9	5	6	5	10	10	3	12	4	13	4	9	7	13	4	9	10	10	8	6	9	18	9	17	12	14	7	16	18	6	14	23	13	16	9	27	17	13	21	23	30	21	31	31	31	81	57	76	98	121	209	334	695	2684	62046
fam0505-T-V04	fam0505	T	V04	0	0	1	0	0	3	19	21	40	41	61	71	60	46	62	86	54	67	62	41	82	54	57	59	39	63	69	53	59	45	48	51	55	44	46	66	52	56	49	40	36	43	50	43	51	52	37	42	33	22	43	44	40	57	42	45	44	32	45	35	49	35	39	41	39	39	36	24	35	23	27	32	34	33	18	19	25	14	15	15	24	19	13	12	14	16	20	20	41	21	112	66	130	169	200	370	728	1336	1756	52504
fam0505-T-V05	fam0505	T	V05	0	0	0	0	0	1	0	0	1	0	2	0	0	2	2	0	4	4	4	3	4	4	6	6	1	1	3	2	8	3	5	8	3	13	4	5	10	10	12	4	6	4	7	7	3	5	5	8	3	1	11	5	5	5	8	8	3	9	6	6	9	5	2	1	1	3	5	4	3	2	8	1	1	5	6	2	5	5	1	0	26	19	5	11	20	16	16	13	36	23	160	108	209	224	332	491	706	637	130	42942
fam0505-T-V06	fam0505	T	V06	0	0	0	1	3	16	30	61	75	80	87	94	72	69	58	49	49	54	50	39	35	31	31	38	15	29	36	20	16	10	12	12	13	9	12	14	7	9	7	7	5	8	12	4	8	9	11	5	6	7	9	5	4	6	6	2	7	4	7	5	9	3	4	5	7	6	8	7	6	11	10	4	13	10	9	16	9	9	11	6	30	12	11	13	19	13	29	26	44	36	134	88	144	183	280	533	1164	2328	5748	47898
fam0505-T-V07	fam0505	T	V07	0	0	3	24	76	140	140	105	75	57	41	33	32	23	18	10	10	14	11	8	7	9	3	7	2	12	11	4	8	5	4	7	10	6	9	7	10	5	8	2	12	11	5	7	13	6	12	7	3	1	19	9	6	7	15	5	10	6	12	3	12	13	8	15	9	4	30	4	14	20	37	12	30	13	6	33	40	11	38	8	96	73	47	88	81	94	100	106	168	138	430	320	505	641	844	1436	2504	4494	8248	42290
fam0505-T-V08	fam0505	T	V08	0	0	3	16	46	86	86	78	78	50	29	27	17	15	13	10	6	14	11	6	5	9	5	9	0	8	9	11	8	9	6	5	9	5	4	8	7	12	7	8	6	8	6	7	6	8	8	7	5	4	13	2	2	8	5	3	7	12	5	6	9	4	13	9	4	8	12	9	7	4	10	5	16	7	4	15	17	9	12	2	49	58	23	58	33	70	68	54	91	56	257	155	329	372	487	838	1498	3064	7389	48487
fam0505-T-V09	fam0505	T	V09	1	79	259	247	189	117	52	23	17	13	14	15	8	8	7	9	17	7	9	10	9	9	6	5	6	11	6	10	9	11	9	11	8	10	9	12	13	13	9	5	17	11	8	5	9	14	14	3	10	8	30	7	11	15	19	8	12	9	17	12	24	17	12	22	13	16	37	6	23	25	34	17	52	29	10	49	45	27	48	22	89	83	66	73	98	119	126	106	147	145	300	278	360	458	577	879	1481	2869	9782	49370
fam0505-T-V10	fam0505	T	V10	0	0	0	0	0	0	0	1	3	4	18	19	16	21	13	20	21	11	18	9	6	11	5	12	2	9	6	7	12	2	11	10	6	7	6	10	7	5	6	0	7	8	6	1	5	4	5	7	3	1	17	2	4	7	7	10	6	4	10	2	19	11	1	18	4	5	39	1	14	11	62	18	60	26	4	93	83	27	82	8	267	246	71	251	277	291	306	293	551	305	1380	741	1278	1200	1305	1596	1701	1021	153	28729
fam0505-T-V11	fam0505	T	V11	0	0	39	163	237	295	355	423	524	527	537	552	554	571	522	569	587	603	575	557	652	633	614	663	593	743	674	718	771	761	844	853	930	963	1022	1163	1220	1378	1472	1528	1941	1969	1993	2117	2094	2126	1980	1988	1883	1595	2072	1718	1750	1722	1693	1632	1510	1263	1111	934	928	709	559	434	396	331	307	258	216	226	201	182	166	162	120	151	158	131	125	105	132	116	91	100	96	107	100	92	112	81	164	110	155	195	207	283	433	713	1896	32754
fam0506-F1-V01	fam0506	F1	V01	0	0	13	110	270	440	485	506	575	519	623	585	699	697	684	742	752	838	794	759	957	942	1045	1146	1097	1448	1497	1532	1736	1635	1775	1647	1509	1504	1311	1183	1089	904	845	632	729	617	533	472	492	529	481	477	467	297	760	504	552	534	559	607	667	729	804	787	1066	1014	1116	1202	1232	1278	1369	1285	1331	1186	1177	895	817	697	525	591	416	348	311	233	331	247	233	251	270	271	278	244	300	269	551	383	541	636	839	1120	1625	2422	4147	24628
fam0506-F1-V02	fam0506	F1	V02	0	5	525	1293	1398	1495	1662	1832	2160	2435	3156	3022	2957	2521	2046	1461	1140	826	602	388	401	278	259	219	180	241	200	169	156	137	149	142	142	151	116	141	170	128	137	114	178	139	147	136	153	154	133	130	151	80	215	133	175	164	168	173	198	185	185	174	232	230	205	254	231	289	320	253	308	308	366	346	424	449	368	621	564	576	744	783	1102	1252	1525	1821	2313	2542	2622	2564	2188	1532	1333	885	740	695	703	883	1137	1664	2573	30805
fam0506-F1-V04	fam0506	F1	V04	0	0	0	0	0	1	35	93	262	367	618	785	992	957	1122	1222	1326	1334	1324	977	1489	1175	1123	1034	680	1102	785	637	612	469	545	404	288	472	249	330	291	235	238	96	315	210	237	139	144	206	235	200	168	5	526	121	246	256	265	222	236	335	347	176	549	386	367	391	419	519	637	448	704	554	935	739	961	834	657	1296	1151	1032	1170	803	1432	1100	1096	955	965	906	798	661	669	403	747	486	600	492	579	651	939	1290	1103	25183
fam0506-F1-V05	fam0506	F1	V05	0	0	0	0	1	1	4	9	13	5	8	7	4	7	7	5	6	3	7	10	8	3	2	8	8	6	5	2	3	7	2	4	7	7	4	3	3	4	1	5	7	4	6	5	4	2	6	6	5	7	7	5	9	5	5	7	5	2	3	2	13	6	6	9	5	2	19	3	1	8	25	14	23	7	2	22	25	9	28	5	76	71	28	77	77	99	115	119	202	155	576	409	735	921	1091	1865	2625	3634	4177	40610
fam0506-F1-V06	fam0506	F1	V06	0	0	0	1	0	0	1	7	36	51	77	74	87	76	69	55	68	40	23	27	30	23	16	18	8	25	9	11	7	8	15	4	5	17	3	3	7	8	4	5	13	4	0	1	2	14	8	3	4	1	18	2	6	6	23	4	6	9	22	6	35	17	12	30	15	1	31	1	17	23	54	23	72	46	5	95	96	40	100	24	254	220	164	256	289	363	405	383	687	434	1301	1006	1448	1578	1681	2072	2669	2346	581	33486
fam0506-F1-V07	fam0506	F1	V07	0	0	0	0	12	62	79	128	153	108	124	87	65	51	37	33	26	27	16	18	18	15	8	7	6	12	11	7	5	4	10	4	4	9	5	6	5	4	6	6	12	5	6	0	5	5	13	4	3	1	19	6	5	17	11	8	13	12	17	5	51	37	13	29	28	11	55	5	33	29	59	39	66	43	8	88	83	55	117	20	252	209	151	220	310	329	340	349	615	472	1309	1034	1553	1785	2268	2938	3666	3957	3835	30827
fam0506-F1-V08	fam0506	F1	V08	0	0	1	2	60	305	599	750	817	611	632	416	350	259	213	157	128	119	88	57	65	54	48	38	19	39	43	21	21	16	25	29	9	47	5	35	31	10	37	9	53	43	30	19	15	51	38	21	8	6	163	7	47	63	58	27	34	64	73	14	147	91	48	83	100	64	148	19	96	85	171	100	184	179	42	239	263	202	272	126	504	394	389	465	549	680	841	891	1182	1162	2041	1957	2415	2666	2810	3107	3159	3000	3698	26545
fam0506-F1-V09	fam0506	F1	V09	0	0	1	141	768	1337	1521	1290	993	654	497	333	231	161	121	93	86	71	58	30	47	45	31	34	17	40	29	27	28	18	64	23	14	55	11	49	47	29	45	7	77	51	33	21	15	56	63	58	10	5	172	10	41	59	58	37	41	60	77	31	125	83	51	84	88	75	162	32	91	87	185	111	174	127	67	268	248	189	249	126	434	377	366	418	495	626	755	742	1149	1154	1873	2060	2609	2907	3137	3443	3261	3102	3451	28183
fam0506-F1-V10	fam0506	F1	V10	0	0	0	0	0	0	0	0	0	3	1	4	2	0	1	5	4	1	3	2	2	7	0	2	1	3	1	1	3	2	5	2	4	8	1	5	0	4	2	2	2	5	5	0	2	2	3	5	3	1	8	1	4	8	5	4	1	3	1	2	6	3	4	3	3	2	7	3	2	5	2	5	5	0	1	7	15	2	9	7	56	58	11	45	54	58	57	73	152	83	432	318	662	661	921	1405	2191	1903	398	38218
fam0506-F1-V11	fam0506	F1	V11	0	0	0	1	0	0	1	0	8	10	25	23	28	30	28	33	34	25	23	9	21	21	19	18	5	16	6	8	7	5	12	2	1	9	2	5	4	4	5	3	6	1	2	2	1	7	1	3	1	0	12	1	5	4	4	5	1	4	4	2	6	5	3	3	2	5	4	3	5	2	6	6	8	6	1	9	8	1	10	4	58	41	8	41	40	52	37	49	95	43	313	167	305	303	343	429	381	123	6	38413
fam0506-T-V00	fam0506	T	V00	0	0	0	0	0	0	0	0	2	17	36	46	82	102	134	161	229	266	252	186	375	321	306	366	153	457	333	283	257	197	364	192	78	345	85	166	213	99	146	36	239	131	93	74	36	145	121	95	15	0	360	12	114	153	154	78	97	137	180	36	286	219	156	237	245	175	436	71	290	252	481	238	447	344	90	575	485	290	411	133	754	488	296	374	459	435	384	284	430	169	837	365	634	525	560	692	620	255	16	30873
fam0506-T-V02	fam0506	T	V02	0	0	0	0	1	12	85	214	442	549	940	950	1040	1079	1006	1003	944	883	807	528	734	499	403	428	225	432	304	247	221	179	227	151	71	271	60	156	194	105	160	46	279	176	167	85	101	181	167	159	66	5	530	76	204	223	231	160	212	253	296	131	488	320	299	362	401	420	672	300	579	507	848	657	936	901	518	1331	1216	1005	1250	880	1854	1449	1481	1362	1489	1510	1479	1224	1438	998	1751	1160	1396	1270	1293	1553	1793	1940	1240	20028
fam0506-T-V03	fam0506	T	V03	0	35	753	1441	1874	2473	3239	3525	3374	2437	1635	1004	678	385	291	245	204	170	159	136	178	148	140	114	117	123	113	109	124	95	131	101	107	103	92	106	126	90	85	59	121	101	112	91	102	113	113	90	104	57	192	104	111	119	133	122	119	134	166	104	165	152	171	168	168	202	210	191	249	214	286	239	274	321	264	410	402	395	469	418	628	622	640	738	1020	1229	1509	1992	2783	3423	4328	4175	3579	2432	1562	1198	1265	1687	3361	33762
fam0506-T-V04	fam0506	T	V04	0	0	4	10	16	11	7	15	10	15	10	12	15	8	7	8	12	14	10	6	16	7	10	8	9	7	8	5	7	8	9	13	9	12	7	10	7	3	12	10	16	11	9	10	11	7	10	6	12	5	19	9	17	11	16	9	6	9	12	6	19	16	16	21	12	5	23	9	10	12	29	26	36	19	6	40	32	16	31	12	67	75	41	73	72	90	92	81	145	111	326	274	423	470	597	1007	1790	3896	10208	53940
fam0506-T-V05	fam0506	T	V05	0	0	0	0	0	0	0	1	3	0	4	1	2	1	5	8	8	2	5	4	3	5	3	10	1	8	4	2	6	2	10	6	2	5	2	1	10	3	2	1	6	3	4	4	1	7	2	2	3	1	10	3	4	4	4	1	7	5	7	0	10	4	1	8	4	3	8	0	5	9	32	9	19	5	0	12	34	5	23	0	115	119	15	102	114	123	130	108	191	101	740	378	688	646	755	944	874	452	80	34502
fam0506-T-V06	fam0506	T	V06	0	0	0	0	0	0	0	0	0	0	0	0	0	1	1	0	2	1	2	0	1	0	3	1	4	3	3	1	4	1	9	1	4	4	2	7	4	1	6	2	6	8	7	0	4	3	3	6	1	0	14	2	3	2	3	4	1	10	4	0	8	1	4	7	1	1	6	1	0	6	5	1	5	8	0	8	3	2	5	1	33	45	5	36	37	32	40	33	80	27	407	201	384	355	450	604	488	227	25	33347
fam0506-T-V07	fam0506	T	V07	0	0	0	0	0	0	0	0	0	3	4	7	6	8	7	7	14	12	8	12	17	18	13	9	2	25	11	9	14	8	14	10	4	18	6	4	12	6	5	1	9	7	13	6	7	4	3	4	3	0	27	2	6	3	11	2	2	8	6	3	21	6	8	22	14	4	21	1	9	15	43	10	46	13	1	54	78	35	78	5	286	241	72	262	244	315	279	259	493	255	1291	744	1156	1054	1221	1310	1116	249	4	33756
fam0506-T-V10	fam0506	T	V10	0	0	0	0	0	0	0	0	0	0	0	0	0	2	0	3	0	0	1	2	3	1	2	2	1	3	1	1	0	2	4	1	0	5	2	3	2	2	2	1	6	0	5	1	3	2	2	2	0	0	6	1	1	0	1	4	0	3	4	0	4	0	4	4	1	2	4	1	2	0	6	0	7	3	0	10	11	5	7	0	59	74	5	58	58	61	65	63	107	55	666	342	627	632	797	817	606	115	3	32672
fam0506-T-V11	fam0506	T	V11	0	0	0	0	0	0	0	1	3	2	4	8	1	4	3	4	1	2	1	1	2	2	2	0	0	1	3	3	4	3	5	0	3	2	0	5	4	2	5	3	6	3	4	1	2	4	3	1	3	0	7	2	2	1	4	2	2	3	5	3	7	5	4	0	4	2	4	0	4	1	5	3	2	4	0	2	3	0	5	0	24	33	1	23	22	24	26	22	70	30	231	144	307	274	334	480	571	389	38	47421
fam0507-F1-V00	fam0507	F1	V00	0	0	0	0	0	0	0	1	0	0	3	3	3	14	16	15	33	33	23	27	47	62	31	65	4	74	60	42	29	14	86	10	0	40	2	23	47	6	16	2	41	28	8	0	5	22	15	3	0	0	91	2	5	28	44	5	11	19	54	1	133	58	36	109	79	5	159	2	56	116	267	117	279	138	7	330	320	112	271	19	782	679	184	642	585	566	469	334	547	200	1665	705	1088	798	703	541	146	7	0	15829
fam0507-F1-V01	fam0507	F1	V01	0	0	0	0	0	0	0	2	14	41	105	204	310	434	496	590	976	1042	950	888	1675	1481	1331	1778	519	2254	1820	1506	1550	1038	2051	1444	508	2386	600	1478	1445	890	1371	324	1885	1102	1126	629	668	1101	1076	895	326	3	2550	226	870	796	762	500	518	729	804	191	1111	672	414	606	638	331	913	88	563	448	757	396	653	502	93	727	614	291	516	109	844	584	301	476	491	488	378	278	442	203	888	441	563	471	410	420	282	80	5	6878
fam0507-F1-V02	fam0507	F1	V02	0	0	0	0	0	0	4	29	99	132	299	377	562	607	595	640	777	754	706	515	912	717	672	676	413	813	675	557	588	446	644	510	326	577	369	483	427	316	424	183	568	328	356	238	244	319	317	328	240	12	763	220	428	394	385	345	420	482	519	301	750	556	572	590	614	637	826	362	734	559	867	571	795	684	297	859	655	479	617	302	883	635	516	527	577	600	617	468	685	432	1197	678	1019	1056	1084	1352	1748	1548	370	27004
fam0507-F1-V07	fam0507	F1	V07	0	0	0	0	9	87	304	616	968	1094	1424	1442	1574	1559	1610	1795	1810	1914	1953	1552	2415	2082	2272	2255	1886	3004	2527	2344	2532	2242	2655	2394	2371	2339	2211	2232	2296	2098	1949	1452	2117	1718	1683	1363	1331	1343	1278	1148	1174	477	1696	882	1002	911	933	939	926	917	930	748	1075	850	909	859	764	792	839	715	736	637	725	569	622	535	415	650	526	447	444	261	445	378	288	296	237	267	252	205	240	198	358	264	283	272	285	360	465	672	1139	18340
fam0507-F1-V10	fam0507	F1	V10	0	0	0	0	0	0	3	9	13	45	108	206	327	511	555	714	956	1137	1152	986	1917	1638	1575	1701	1055	2515	2010	1749	1875	1504	2343	1908	1226	2440	1442	1875	1742	1483	1671	823	2108	1396	1530	931	1036	1398	1123	1166	840	28	2401	678	1108	889	816	737	695	951	902	410	1155	774	641	702	724	605	873	319	653	454	755	442	548	469	182	590	472	315	403	140	488	360	209	246	262	273	206	175	201	86	451	218	373	352	420	515	627	476	136	13655
fam0507-F2-V02	fam0507	F2	V02	0	0	0	0	0	0	0	0	0	0	0	0	3	4	3	13	27	30	34	14	40	65	22	73	2	78	62	63	38	11	81	26	1	51	1	21	32	5	24	0	37	12	10	3	4	12	11	4	2	0	49	1	5	19	33	4	3	15	37	1	76	33	12	78	44	5	114	0	55	62	148	59	147	85	2	203	172	50	144	6	456	407	109	345	324	294	239	205	255	95	1136	485	710	495	477	317	64	2	1	20661
fam0507-F2-V03	fam0507	F2	V03	0	8	991	4317	5826	4566	2799	1658	953	653	463	305	230	194	141	125	130	116	144	104	139	114	128	121	66	173	154	130	145	114	144	118	79	179	101	151	150	132	162	87	208	122	164	106	106	141	154	130	105	25	324	112	202	169	156	142	139	185	171	99	263	221	172	202	196	203	262	170	256	229	313	247	320	319	242	453	442	389	457	404	644	633	683	795	967	1188	1421	1813	2247	2526	3070	3069	3623	4139	4465	4473	3714	3380	4564	21342
fam0507-F2-V05	fam0507	F2	V05	0	0	0	0	0	0	7	33	110	230	533	754	1077	1375	1436	1652	1984	2179	2058	1589	3078	2477	2226	2458	1370	3357	2395	2060	2188	1760	2452	1931	1357	2450	1442	1779	1834	1427	1632	797	2103	1441	1476	992	996	1369	1176	1137	871	32	2226	676	1042	935	839	817	781	930	880	373	1200	768	688	673	711	607	896	298	690	536	794	483	687	557	223	724	631	388	501	200	718	457	387	358	345	331	301	225	270	155	430	235	300	253	236	277	320	235	53	13002
fam0507-F2-V11	fam0507	F2	V11	0	0	0	1	2	0	22	86	168	215	353	421	474	492	382	463	488	453	403	299	480	376	253	289	154	347	202	170	165	145	188	111	55	134	57	79	107	53	66	19	108	54	61	28	30	70	50	43	15	1	184	13	55	70	71	40	62	94	73	47	169	125	113	160	165	159	276	86	225	182	346	215	332	287	131	455	433	307	405	227	639	508	432	507	504	577	553	499	650	417	1008	656	946	906	857	1224	1353	1148	341	36895
fam0507-T-V00	fam0507	T	V00	0	64	1746	3334	2877	2012	1695	1733	1906	1956	2122	1974	1766	1338	1010	737	601	457	351	258	272	190	149	172	139	144	122	113	113	100	102	104	122	123	102	95	101	106	117	70	125	93	107	101	104	107	110	123	100	58	194	102	149	130	115	114	153	144	139	109	234	161	188	178	183	174	227	194	216	251	293	254	314	319	318	485	486	507	594	598	888	898	1151	1412	1570	1772	1836	1774	1626	1366	1342	1063	1132	1156	1606	2195	2931	3014	3396	28738
fam0507-T-V01	fam0507	T	V01	0	0	2	15	39	57	88	127	106	132	146	136	138	140	110	120	143	107	128	98	105	102	93	76	71	93	87	73	79	85	83	72	62	57	64	63	60	53	60	48	59	48	60	54	58	66	52	60	59	22	61	45	58	51	49	48	54	35	48	49	51	36	27	45	42	37	42	40	35	36	38	45	48	41	32	44	34	29	29	22	31	33	14	19	23	22	19	16	35	19	108	87	133	161	230	405	893	1757	3659	50865
fam0507-T-V02	fam0507	T	V02	0	0	4	86	217	259	284	260	348	344	395	398	468	441	497	517	493	511	568	525	631	525	586	560	479	740	616	654	757	688	855	833	900	863	919	1032	1206	1198	1299	1260	1748	1694	1774	1797	2120	2131	2308	2248	2251	1689	2675	2017	1850	1729	1454	1363	1203	1064	870	700	815	568	520	421	333	309	287	216	245	202	213	191	189	165	92	183	154	124	130	75	149	152	106	144	145	139	157	153	207	193	344	286	437	496	648	915	1323	1749	2683	29317
fam0507-T-V03	fam0507	T	V03	0	1	39	82	163	279	395	513	554	585	684	710	690	704	737	744	828	786	813	752	967	921	1021	1160	1112	1507	1550	1641	1725	1712	1862	1868	1860	1807	1553	1503	1330	1167	1001	718	847	603	576	514	481	462	411	383	379	279	591	424	441	484	496	491	589	681	723	738	953	979	1106	1195	1229	1301	1399	1208	1247	1033	1059	905	743	633	454	488	417	253	270	180	215	164	151	170	149	138	138	96	137	96	196	149	178	183	220	253	414	810	2135	34820
fam0507-T-V04	fam0507	T	V04	0	0	0	0	0	1	1	2	4	15	43	73	118	184	238	287	506	526	520	398	971	886	803	1112	341	1583	1211	1058	1172	880	1564	1163	420	1923	663	1347	1411	893	1322	416	1858	1167	1215	732	729	1219	1079	962	571	5	2701	328	980	924	735	606	633	807	856	225	1078	789	511	696	577	400	924	99	530	413	720	371	544	447	65	581	500	237	327	88	536	401	207	299	276	284	192	120	209	84	420	171	285	198	202	219	170	82	4	12832
fam0507-T-V05	fam0507	T	V05	0	0	0	0	1	24	43	143	264	305	508	563	719	693	665	658	728	708	616	425	691	511	413	473	194	494	285	281	265	170	290	189	64	258	77	145	155	90	110	27	208	108	105	48	41	137	121	80	27	3	332	21	111	145	137	82	90	145	167	56	306	200	154	244	253	205	465	109	352	263	523	374	510	492	247	802	816	546	760	380	1207	882	782	879	951	1081	1009	814	1125	649	1482	893	1261	1042	1017	1090	1150	736	231	21738
fam0507-T-V08	fam0507	T	V08	0	1306	3585	3516	3215	2596	1940	1539	1259	1146	1102	1035	1010	1031	1092	1145	1213	1302	1499	1577	1948	2062	2244	2250	1953	1839	1702	1432	1427	1319	1342	1098	1083	1077	981	1036	995	1038	1024	940	960	854	840	778	708	688	673	601	582	491	602	556	552	591	557	577	593	635	659	643	708	720	687	732	796	842	898	1032	1046	1111	1253	1224	1241	1347	1286	1372	1229	1041	829	568	503	453	374	345	370	361	393	423	460	451	671	631	794	836	981	1238	1818	2736	5037	22645
fam0507-T-V09	fam0507	T	V09	0	0	80	673	1654	2091	2082	1913	1413	1142	980	743	693	630	567	577	566	565	617	573	708	638	584	614	509	659	537	545	517	433	479	465	375	387	371	336	369	298	293	213	301	267	227	168	215	219	232	230	207	139	417	252	269	307	293	322	350	351	406	331	489	419	412	431	501	456	477	415	442	402	479	406	514	412	324	465	418	373	402	326	550	492	429	492	565	649	698	752	940	918	1350	1293	1643	1681	1797	1941	2260	2844	4863	31186
fam0508-T-V02	fam0508	T	V02	0	0	95	578	1313	1511	1357	873	511	247	137	85	65	42	44	24	29	28	16	16	25	24	14	22	14	14	17	10	17	10	17	14	7	16	15	27	22	20	16	10	31	19	35	22	17	20	16	22	15	2	42	11	23	29	28	19	23	23	31	14	39	22	26	31	38	43	53	38	58	41	68	55	56	44	53	90	77	84	80	80	166	154	121	168	169	238	254	327	446	589	1038	1207	1594	1703	1611	1387	1562	2625	8595	49052
fam0508-T-V03	fam0508	T	V03	0	0	14	82	216	491	904	1231	1476	1597	1868	1958	2075	2281	2285	2472	2503	2508	2449	2035	2315	1838	1648	1482	1087	1342	1029	826	839	678	742	690	636	609	526	532	582	514	544	411	600	526	551	501	522	609	555	599	632	309	1005	629	755	717	754	781	800	807	806	672	906	822	823	763	785	798	817	731	865	743	934	875	933	995	840	1311	1239	1197	1315	1121	1367	1214	1132	992	966	834	663	541	556	395	510	383	483	406	453	516	728	1038	2670	25049
fam0509-T-V00	fam0509	T	V00	0	0	0	37	355	1147	2013	2310	2209	1921	1919	1625	1693	1621	1540	1552	1518	1518	1478	1266	1584	1358	1281	1235	1017	1330	1002	825	898	741	818	682	505	623	491	501	515	428	486	293	548	457	455	337	362	447	440	435	449	178	872	405	564	556	571	595	682	744	819	667	1149	1002	1035	1075	1114	1189	1365	1254	1440	1303	1526	1300	1385	1336	1040	1390	1236	990	1073	840	1116	878	835	772	718	813	826	752	854	739	1074	1036	1104	1058	1072	1150	1275	1256	1960	18610
fam0509-T-V01	fam0509	T	V01	0	0	0	0	0	4	37	94	252	406	724	867	1084	1219	1155	1265	1270	1238	1074	775	1258	909	750	734	447	869	637	533	508	401	614	418	250	524	236	348	340	256	356	123	495	367	319	179	159	344	334	280	162	14	902	179	406	400	418	348	400	505	519	251	818	644	591	669	681	668	1062	465	904	652	1111	762	1063	881	481	1258	1099	837	999	543	1479	1007	1047	931	977	1053	1055	814	1088	644	1357	830	1070	991	933	1018	1127	951	216	12845
fam0509-T-V02	fam0509	T	V02	0	0	0	1	7	63	234	480	810	876	1162	1028	1034	940	806	734	661	654	488	312	458	330	242	285	154	256	177	157	161	101	160	125	59	169	57	148	132	71	149	43	204	122	99	73	48	140	146	123	47	13	373	54	149	149	170	115	123	201	199	62	301	223	188	219	248	216	391	146	344	277	558	383	529	561	326	847	787	692	858	609	1364	1112	1173	1163	1299	1436	1565	1391	1716	1335	2132	1470	1872	1674	1623	1756	1972	1968	1570	16438
fam0509-T-V04	fam0509	T	V04	0	0	0	0	1	8	34	116	284	370	762	887	1093	1258	1173	1247	1413	1415	1299	991	1584	1354	1130	1168	678	1421	1016	899	904	754	1029	750	452	999	535	676	671	518	658	262	856	547	609	420	425	650	575	561	478	23	1348	400	702	617	665	627	601	760	776	365	978	753	702	697	738	767	1044	397	904	568	911	650	849	749	378	1019	938	595	774	353	1145	785	648	678	685	740	722	535	733	476	1085	630	837	701	744	807	926	685	175	15340
fam0509-T-V06	fam0509	T	V06	0	0	1	0	5	14	11	23	24	18	28	21	26	32	16	25	21	29	21	16	30	27	25	15	24	12	21	21	18	13	21	24	33	22	29	19	27	22	25	26	29	42	32	27	30	36	17	27	36	18	34	37	31	31	22	24	11	21	22	8	24	14	23	12	19	10	8	14	6	7	8	10	13	13	4	22	18	12	13	8	49	44	16	38	46	40	41	47	80	56	226	138	268	275	370	624	1251	2674	6647	48759
fam0509-T-V08	fam0509	T	V08	0	0	0	0	2	71	312	709	1159	1306	1801	1713	1943	1777	1622	1751	1733	1605	1448	1221	1821	1287	1303	1321	871	1567	1330	1137	1069	944	1307	1013	835	1151	861	980	1014	860	851	580	1188	822	866	690	714	898	746	730	690	182	1465	606	797	686	708	662	670	719	706	432	919	655	675	687	688	675	813	459	728	583	937	700	903	749	483	1160	964	766	903	554	1288	967	946	911	931	1027	1040	883	1053	800	1370	966	1212	1135	1190	1320	1427	1427	1058	12489
fam0509-T-V09	fam0509	T	V09	0	0	0	0	0	17	82	172	294	314	482	436	418	447	428	446	542	573	520	434	755	708	667	732	466	1074	902	729	842	698	996	733	592	911	659	763	820	635	685	363	891	644	724	462	535	643	603	610	646	39	1266	626	816	781	753	800	867	1000	1053	676	1318	1088	1141	1066	1196	1283	1338	935	1221	915	1206	901	1040	861	584	1124	842	547	695	353	721	474	398	377	337	353	364	274	384	280	499	358	509	484	533	645	742	796	369	15442
fam0509-T-V10	fam0509	T	V10	0	0	0	0	0	0	2	11	31	75	164	286	375	504	506	585	769	811	712	549	1047	934	761	906	350	1237	946	767	766	571	1078	767	298	1155	377	802	826	530	715	200	1084	688	646	389	360	708	674	570	290	3	1769	249	633	667	604	428	447	663	653	228	1085	821	442	674	650	493	1102	167	686	560	1001	561	820	683	158	1058	867	505	768	224	1286	868	539	762	815	804	667	530	794	372	1459	728	988	820	811	850	710	292	24	7962
fam0510-T-V00	fam0510	T	V00	0	0	0	0	0	1	6	8	33	63	136	164	285	301	323	342	384	377	319	246	359	278	241	235	140	307	172	140	133	102	164	94	66	131	55	80	83	64	71	34	114	67	78	43	39	62	69	57	30	20	152	34	57	72	65	52	60	72	94	21	146	100	79	139	97	71	228	31	159	135	266	172	268	270	75	451	434	281	485	209	782	592	563	576	676	719	726	605	807	472	1219	694	991	846	929	1189	1269	1076	299	31687
fam0510-T-V02	fam0510	T	V02	0	0	0	3	2	2	11	37	51	58	88	83	99	136	166	199	224	240	287	210	469	419	403	466	272	674	557	553	628	525	786	601	624	858	719	846	905	786	903	621	1201	842	909	750	822	941	827	770	954	161	1488	747	867	787	706	742	705	761	700	400	802	544	467	445	469	426	472	238	364	234	361	212	290	219	79	277	232	113	229	56	338	253	146	259	240	290	299	259	428	282	944	628	1044	1124	1300	1599	2013	2071	1031	28924
fam0510-T-V06	fam0510	T	V06	0	0	0	85	693	1857	2940	3574	3816	3475	3440	2770	2560	2121	1703	1405	1253	1003	830	584	702	526	491	404	297	426	360	276	273	199	293	243	155	303	192	200	220	185	236	122	277	214	229	141	213	268	222	217	209	59	495	192	266	283	276	295	273	315	332	227	513	354	371	404	459	474	637	489	669	621	830	822	953	987	849	1321	1220	1199	1378	1157	1584	1428	1458	1517	1555	1629	1593	1513	1707	1503	1759	1408	1476	1307	1192	1124	1162	1288	2177	16526
fam0511-F1-V06	fam0511	F1	V06	0	0	0	0	0	9	24	28	34	19	26	22	26	18	6	13	12	11	10	6	14	14	17	19	15	12	15	14	15	14	17	16	18	13	14	19	18	12	16	16	28	24	17	20	13	22	14	20	19	9	26	14	18	10	18	10	15	12	16	5	24	14	12	14	11	9	23	6	7	14	33	14	20	10	3	38	36	20	40	7	106	91	41	109	100	126	113	108	212	135	565	417	710	928	1345	1970	2864	3730	5375	38029
fam0511-F1-V07	fam0511	F1	V07	0	0	0	0	1	1	2	2	4	0	4	12	8	8	14	12	7	6	12	7	11	5	14	18	8	17	17	14	19	12	18	10	18	12	11	15	21	15	15	9	18	23	15	22	15	20	17	22	16	11	27	7	10	20	17	13	8	12	8	10	19	4	6	4	6	6	4	7	4	6	8	5	10	10	5	9	12	7	3	2	18	24	8	28	25	37	26	27	50	39	216	135	279	389	518	893	1736	2911	4044	43292
fam0511-F1-V09	fam0511	F1	V09	0	0	0	4	30	108	239	377	557	692	912	934	1023	1117	1140	1272	1269	1217	1234	985	1167	959	833	798	508	740	493	418	388	335	362	286	198	332	227	233	248	182	234	129	258	205	214	174	201	232	214	239	204	42	392	181	233	237	221	254	278	275	303	204	349	321	339	374	376	415	530	448	590	517	752	641	864	917	741	1189	1139	1189	1305	1143	1609	1338	1332	1287	1210	1168	943	791	791	563	720	423	565	503	554	663	982	1568	2824	27087
fam0511-F2-V01	fam0511	F2	V01	0	0	0	0	0	2	2	25	44	38	63	64	59	60	26	39	38	26	20	21	35	22	28	17	10	19	18	15	18	18	28	12	11	22	10	5	15	10	13	11	27	17	9	18	14	20	12	8	19	7	36	7	10	12	13	12	11	7	26	3	39	14	7	40	13	6	33	1	18	38	79	40	89	47	3	96	97	44	91	21	267	206	134	265	270	316	371	330	616	378	1301	878	1408	1415	1553	2026	2307	1894	524	32302
fam0511-F2-V02	fam0511	F2	V02	0	0	63	699	2041	3060	3421	3449	2890	2368	1745	1134	759	504	338	276	185	151	145	87	122	99	90	93	48	95	98	62	84	77	94	75	45	101	57	94	95	73	79	53	111	79	116	56	86	106	91	102	81	10	181	91	115	101	91	97	95	118	128	83	181	134	142	119	142	140	169	126	206	160	216	184	248	202	181	348	295	320	353	303	517	496	557	591	736	902	1180	1403	1876	2116	2908	2921	3085	2715	2253	1611	1177	1021	1964	31097
fam0511-F2-V03	fam0511	F2	V03	0	46	349	266	90	57	29	38	33	27	24	14	25	24	23	14	15	13	14	18	11	22	18	16	10	12	11	15	21	10	8	10	17	12	16	17	17	11	20	16	26	18	22	11	8	18	12	9	8	9	41	11	18	27	16	22	22	34	35	12	54	25	19	29	20	18	56	11	40	21	69	31	60	41	20	90	76	40	67	34	124	105	90	131	137	157	159	132	254	182	393	377	465	593	829	1378	2430	5443	11607	41757
fam0511-F2-V05	fam0511	F2	V05	0	0	0	3	15	18	31	27	21	11	24	16	16	14	12	13	15	13	12	3	7	10	13	16	10	17	15	12	8	14	17	12	13	12	8	10	6	11	13	19	10	12	21	10	17	21	14	18	22	20	18	22	16	10	13	7	13	7	3	6	9	11	5	10	5	12	7	4	11	6	8	4	8	7	1	10	6	3	9	4	33	23	14	23	18	23	20	18	29	28	134	97	188	219	317	489	1043	2067	5530	51928
fam0511-F2-V06	fam0511	F2	V06	0	0	0	0	4	12	33	74	136	214	329	333	449	459	466	525	591	691	685	561	983	899	876	848	614	1439	1074	1015	1152	1071	1403	1158	1044	1521	1125	1374	1432	1236	1286	876	1718	1304	1401	1128	1174	1373	1255	1203	1280	147	2112	1095	1307	1067	1082	1011	1035	1018	1001	605	1254	865	825	726	797	756	864	360	618	465	644	402	518	368	155	446	393	214	286	123	456	339	238	317	296	331	322	233	369	239	725	411	701	570	664	843	1063	966	410	20714
fam0511-F2-V07	fam0511	F2	V07	0	0	0	0	7	10	22	16	5	8	7	8	3	6	9	5	0	0	1	7	9	2	5	5	1	6	5	6	3	5	5	2	4	4	5	8	5	6	2	3	4	7	5	1	4	4	5	5	6	0	8	4	5	7	3	3	4	3	6	3	12	4	12	10	7	2	11	3	4	8	19	9	31	16	1	25	34	16	31	10	102	74	35	78	106	131	129	92	191	118	563	412	736	940	1344	2259	3612	5152	8620	41216
fam0511-F2-V08	fam0511	F2	V08	0	0	0	0	0	2	1	0	3	8	16	23	48	39	53	45	54	46	53	29	52	43	43	52	15	58	43	35	30	15	36	18	5	42	8	19	16	4	13	7	32	22	9	6	14	14	8	9	6	1	66	2	13	26	26	7	7	20	34	7	66	41	23	53	36	12	86	4	37	51	122	49	111	87	7	173	175	83	166	44	433	368	183	406	448	504	443	333	699	327	1651	804	1294	1174	1323	1448	1329	490	18	26360
fam0511-F2-V10	fam0511	F2	V10	0	0	1	12	82	318	625	725	774	607	676	510	485	346	318	274	268	223	175	133	176	135	120	129	58	124	98	95	83	52	125	70	34	127	34	60	98	32	76	12	153	83	55	31	24	91	83	44	15	5	286	19	43	118	130	42	56	100	143	35	286	149	86	200	169	80	337	26	202	209	431	201	338	303	81	543	460	328	539	220	938	758	666	900	947	1146	1309	1207	1743	1475	2799	2347	3016	3081	3145	3467	3436	3135	2297	28487
fam0511-T-V00	fam0511	T	V00	0	0	0	0	0	0	8	57	131	238	504	642	826	1024	1089	1208	1377	1514	1443	1143	2012	1645	1616	1663	994	2197	1707	1471	1593	1375	1765	1430	1038	1810	1042	1378	1310	1061	1232	604	1576	1112	1163	812	809	1085	887	910	741	71	1928	618	956	849	769	750	666	845	813	428	1150	757	712	705	741	659	934	344	700	531	881	571	722	574	288	781	686	454	534	268	887	563	402	498	553	580	578	411	605	390	920	525	774	752	748	806	943	805	283	11653
fam0511-T-V01	fam0511	T	V01	0	0	0	0	0	0	0	1	5	23	60	126	199	300	365	440	672	697	626	613	1115	971	932	1038	364	1435	1130	1001	975	777	1260	935	348	1631	431	1043	1020	600	944	226	1278	883	866	510	436	861	725	672	304	1	1927	202	693	694	599	412	417	630	662	162	1014	670	439	642	643	371	1038	129	653	481	846	474	831	609	123	906	815	428	644	153	1148	786	489	678	696	753	647	415	647	325	1201	544	845	749	671	698	542	128	5	8800
fam0511-T-V02	fam0511	T	V02	0	0	133	938	1887	2665	2857	2680	2427	2022	2045	1819	1744	1648	1464	1306	1241	1087	954	757	867	670	678	629	446	638	494	436	404	377	429	408	360	405	341	350	395	346	390	278	425	398	383	338	349	356	383	382	382	207	596	384	406	450	453	462	413	517	499	443	627	579	568	651	728	775	863	872	946	1035	1270	1216	1364	1537	1578	2023	2028	2091	2085	1957	2054	1990	1882	1856	1791	1741	1526	1362	1283	1065	1066	999	949	872	731	695	829	921	1628	16070
fam0511-T-V06	fam0511	T	V06	0	0	0	0	0	2	46	139	323	450	833	839	1100	1161	1106	1170	1271	1226	1130	876	1416	1120	1022	1032	576	1257	939	771	842	640	994	737	425	907	462	711	698	449	618	243	817	588	545	376	381	616	567	498	382	35	1391	345	584	660	605	611	586	709	706	393	1088	788	707	760	824	819	1153	530	864	703	1090	788	969	823	423	1157	919	665	780	385	1076	828	716	714	750	750	717	601	748	426	956	581	754	651	596	617	738	604	314	13390
fam0511-T-V08	fam0511	T	V08	0	0	0	0	0	0	6	29	77	182	373	558	769	998	1034	1144	1353	1422	1255	1079	1752	1306	1278	1172	657	1580	1173	955	992	743	1080	827	425	1063	499	751	762	547	695	265	916	550	606	382	391	636	500	489	333	10	1229	250	504	460	480	450	424	565	572	262	802	592	439	545	568	510	777	232	614	411	805	465	684	569	211	864	727	457	568	219	901	631	469	504	578	601	515	426	549	299	848	460	648	516	512	558	565	306	37	8415
fam0512-T-V06	fam0512	T	V06	0	2	4	9	10	7	8	5	14	7	6	1	4	4	2	4	2	3	7	4	9	3	5	2	7	8	1	1	6	6	4	1	3	3	1	9	2	7	2	2	5	1	5	3	4	15	3	8	2	3	11	5	5	3	4	3	4	5	9	2	14	14	7	11	11	4	13	4	13	7	22	23	18	16	4	32	34	14	26	7	60	40	39	67	60	91	65	88	101	95	222	181	292	310	454	659	1148	2401	8516	52602
fam0512-T-V07	fam0512	T	V07	0	2	48	308	671	1011	1201	1346	1554	1716	2022	2084	2246	2164	1931	1742	1490	1121	912	723	662	539	477	360	312	366	276	244	230	224	277	219	219	222	231	201	194	182	218	135	245	197	222	190	188	200	216	179	216	99	315	179	241	215	208	236	253	239	277	188	350	278	329	289	344	344	405	331	416	401	511	493	575	541	537	831	778	929	1101	1097	1512	1596	1878	2020	2105	2120	2098	1786	1555	1224	1058	745	633	497	426	494	606	908	2725	28615
fam0512-T-V08	fam0512	T	V08	0	47	314	375	309	201	177	134	129	125	101	67	85	79	63	66	58	52	48	40	41	15	10	18	12	18	14	11	17	16	17	15	4	22	13	10	12	11	12	11	27	14	19	7	11	17	23	14	12	11	60	10	25	25	20	21	17	35	34	14	57	42	19	42	38	25	80	8	47	38	75	50	71	43	16	93	95	56	89	47	179	158	130	149	171	204	207	199	298	257	506	461	635	796	1116	1629	3116	6584	12675	37876
fam0513-T-V01	fam0513	T	V01	0	0	0	0	1	5	19	57	136	234	427	472	675	773	832	1017	986	995	965	837	1243	1008	969	974	696	1165	856	735	687	595	747	555	360	566	369	455	414	343	339	145	465	290	318	190	228	352	302	329	215	15	791	204	352	335	315	336	327	462	430	275	707	568	587	585	674	766	922	554	895	770	1181	899	1083	1018	707	1441	1260	1017	1200	711	1388	948	914	761	810	743	643	462	572	339	636	366	430	407	453	555	875	1106	962	25460
fam0513-T-V03	fam0513	T	V03	0	0	0	0	0	0	2	15	62	114	272	358	481	508	498	484	596	491	382	271	423	306	240	237	106	233	136	99	105	55	115	53	26	85	17	41	45	25	42	7	76	45	28	16	7	49	42	16	2	1	144	7	37	56	64	17	30	54	97	6	141	93	44	110	93	50	203	13	159	170	304	171	269	254	65	463	461	287	460	152	893	700	612	734	883	982	970	848	1341	755	1763	1117	1571	1417	1340	1488	1732	824	52	25160
fam0513-T-V06	fam0513	T	V06	0	0	0	0	0	0	0	0	0	0	0	1	6	7	38	38	110	107	152	144	365	475	370	663	72	988	783	709	752	453	1204	712	72	1634	129	1006	1060	402	938	81	1387	947	712	347	273	835	895	509	55	0	2297	28	540	732	668	297	302	534	638	76	953	630	218	635	432	130	802	5	280	369	706	308	579	328	13	514	462	156	295	23	639	496	127	360	251	235	174	122	166	53	585	209	322	222	186	113	39	0	0	7888
fam0525-F1-V06	fam0525	F1	V06	0	4	399	1513	2404	3039	2960	2631	2604	2209	1934	1580	1417	1252	1137	1058	995	983	947	780	909	877	942	883	783	1060	1003	1011	1055	1084	1245	1188	1333	1464	1395	1559	1601	1726	1762	1557	1932	1821	1695	1716	1794	1832	1847	1833	1819	1468	2042	1536	1563	1383	1406	1291	1200	1053	1008	776	943	749	662	629	560	468	535	357	370	365	388	309	360	284	260	377	330	255	344	279	467	411	358	403	481	519	543	570	689	664	904	764	874	890	1014	1305	1648	2256	3002	14095
fam0525-F1-V07	fam0525	F1	V07	0	0	0	3	16	115	386	706	1108	1327	1587	1599	1748	1710	1665	1646	1593	1471	1426	1103	1480	1175	1078	932	652	1086	780	617	640	452	589	455	312	530	278	406	436	292	370	155	522	348	361	226	308	382	366	317	343	70	807	303	483	463	466	438	473	637	591	410	905	665	679	721	735	797	981	764	998	916	1220	1043	1302	1134	843	1589	1390	1228	1376	934	1601	1247	1148	1144	1122	1100	1053	869	1000	699	1173	870	1135	1070	1080	1391	1545	1581	1716	17861
fam0525-F1-V08	fam0525	F1	V08	0	0	0	0	1	0	10	30	97	188	410	570	795	930	817	1005	1085	1118	1004	841	1312	992	900	891	491	1116	776	633	670	449	673	466	271	684	280	450	413	307	390	128	538	334	304	211	184	308	285	288	177	8	870	141	398	421	407	349	346	488	501	224	796	594	541	593	600	651	883	350	766	651	937	677	849	814	346	1174	984	681	838	425	1324	889	782	752	812	891	823	641	879	505	1297	780	1054	1010	1002	1100	1262	817	160	15341
fam0525-T-V04	fam0525	T	V04	0	0	0	0	1	21	62	102	170	166	188	153	170	128	107	122	114	103	66	62	75	47	38	44	33	58	31	38	30	32	29	12	13	29	14	13	14	15	15	8	27	16	8	8	3	20	7	7	3	3	28	4	6	8	13	5	5	9	14	2	28	9	15	25	19	12	47	5	27	32	59	26	67	36	11	89	98	53	73	32	232	173	158	208	257	342	383	329	576	466	1182	870	1386	1413	1668	2141	2672	2874	2089	39007
fam0525-T-V08	fam0525	T	V08	0	0	1	11	19	81	169	405	683	808	1131	1190	1353	1397	1297	1395	1403	1518	1505	1144	1858	1389	1421	1346	931	1697	1284	1129	1161	970	1205	947	729	1024	685	831	771	647	674	385	900	576	626	461	442	580	527	528	544	74	1173	449	678	579	645	670	754	771	808	552	1175	853	998	966	1016	1021	1214	919	1174	994	1306	995	1218	1019	664	1335	1041	779	890	534	1059	785	646	652	665	661	648	539	674	462	903	631	790	779	750	884	951	987	725	16025
fam0526-T-V01	fam0526	T	V01	0	0	0	0	0	0	0	0	0	0	0	0	0	0	0	0	0	3	1	2	2	3	0	0	3	3	4	1	1	2	2	2	0	1	2	0	0	2	4	1	5	2	4	1	3	1	2	3	2	0	7	1	4	4	1	3	2	3	4	1	3	1	1	2	2	0	2	0	2	1	7	1	4	2	1	4	2	1	4	0	13	13	0	15	12	15	21	11	20	14	161	77	178	201	263	290	303	115	5	33706
fam0526-T-V02	fam0526	T	V02	0	0	0	0	0	0	0	0	1	0	1	0	0	0	2	0	1	0	2	2	0	1	0	1	2	5	3	1	4	4	3	1	2	2	1	4	2	0	2	0	2	1	1	0	1	1	5	3	1	1	4	2	7	2	3	3	0	0	4	0	4	2	1	0	2	1	2	2	3	2	5	1	12	3	1	4	5	0	2	2	23	21	2	20	16	26	23	24	40	21	240	142	243	227	299	422	443	281	75	34949
fam0526-T-V04	fam0526	T	V04	0	0	0	0	0	7	8	9	9	5	4	5	2	3	4	2	6	5	4	5	12	4	3	0	5	6	3	1	3	2	5	5	4	4	3	3	4	2	1	1	4	5	4	7	5	0	6	3	3	0	8	2	6	5	3	3	4	7	3	5	3	7	7	4	3	4	4	2	7	7	6	0	6	3	1	5	1	7	5	3	20	16	6	15	17	23	15	18	22	9	131	76	153	171	212	416	806	1353	3150	49593
fam0526-T-V05	fam0526	T	V05	0	0	1	1	2	14	9	9	9	9	13	4	11	6	12	6	5	10	6	5	3	3	3	5	2	10	4	1	5	1	4	3	1	3	1	3	5	2	1	2	3	4	1	5	5	4	5	4	3	1	5	4	2	3	7	2	6	3	3	3	8	4	2	8	4	4	10	0	2	5	15	11	16	6	1	13	18	5	22	6	76	70	16	61	78	78	70	76	141	76	448	282	486	503	646	1028	1544	2114	3319	38132
fam0526-T-V06	fam0526	T	V06	0	0	0	0	0	0	1	4	8	11	12	19	11	11	17	16	11	6	4	3	11	4	4	4	3	8	5	4	3	3	2	1	3	11	1	4	5	3	4	2	9	2	4	3	4	3	1	2	2	2	6	0	4	2	6	4	3	6	3	1	6	3	2	2	2	5	3	2	1	1	2	12	2	3	2	2	3	3	2	1	26	19	3	17	32	25	28	29	62	32	265	134	291	308	390	644	921	761	297	48114
fam0526-T-V07	fam0526	T	V07	0	2	11	214	613	810	684	498	376	230	178	121	72	66	44	46	39	34	26	17	37	18	16	25	5	29	18	18	20	11	36	20	6	43	7	19	47	14	26	3	53	35	25	14	7	28	43	18	12	5	107	4	34	44	57	25	23	32	61	9	90	75	34	66	54	27	126	20	75	64	134	52	126	95	35	178	190	109	167	62	319	263	219	308	340	383	494	442	711	653	1199	1192	1833	2289	2879	3741	4389	4761	5196	30230
fam0526-T-V08	fam0526	T	V08	0	59	63	53	29	25	19	11	10	18	10	10	10	11	12	20	11	18	12	7	24	14	15	12	9	10	7	8	12	4	10	10	9	22	10	13	15	7	10	4	26	11	16	14	7	14	13	20	11	5	60	12	13	11	26	16	13	28	15	9	60	15	12	34	25	21	56	16	29	33	47	40	75	52	20	105	93	50	62	29	178	94	76	136	132	146	141	146	211	163	379	267	429	468	617	976	1437	2574	8424	55723
fam0526-T-V09	fam0526	T	V09	0	0	5	6	5	8	11	9	8	6	3	4	4	2	2	0	3	3	6	2	7	2	1	5	1	5	3	2	3	4	5	3	2	2	2	1	8	9	3	0	7	4	5	3	2	4	7	5	4	0	8	3	4	7	8	3	3	4	9	6	20	1	6	6	6	1	8	1	5	7	7	3	13	6	2	18	11	5	15	2	58	44	15	60	54	69	51	71	93	56	300	167	350	399	412	773	1101	1789	3136	47095
fam0528-F1-V03	fam0528	F1	V03	0	0	0	0	1	3	2	5	23	32	98	149	240	317	352	445	614	764	700	579	1064	916	831	917	541	1318	958	818	820	623	925	692	441	936	415	620	584	437	504	190	645	393	423	255	251	398	384	361	168	0	958	140	424	414	326	348	384	533	516	216	813	636	520	575	666	722	1088	377	827	610	1026	669	948	816	409	1100	939	736	822	394	1078	678	599	550	527	549	456	306	460	220	758	374	632	527	583	753	858	586	117	21404
fam0528-F1-V06	fam0528	F1	V06	0	0	0	0	0	0	0	1	8	14	51	82	147	223	268	333	490	531	572	502	888	820	713	813	437	1182	896	772	841	626	1005	747	465	1058	462	683	658	493	584	188	744	532	486	304	304	529	460	488	230	0	1172	180	477	506	440	408	440	580	654	302	949	736	615	648	724	733	1095	364	918	665	1072	701	987	880	369	1049	951	623	760	314	1055	646	495	497	552	512	387	267	413	198	665	293	486	437	416	558	574	344	37	23028
fam0528-F1-V07	fam0528	F1	V07	0	0	2	3	1	1	1	6	7	8	10	9	8	8	5	5	4	12	7	8	2	2	5	2	3	6	7	11	2	5	5	8	4	4	6	5	5	3	2	6	4	8	5	3	5	9	5	6	8	3	12	1	7	6	8	8	12	8	5	3	9	8	10	3	7	4	10	5	3	4	5	2	4	6	2	6	7	4	8	1	16	13	7	10	18	23	12	15	21	16	83	42	99	109	140	251	476	949	2447	56566
fam0528-F1-V09	fam0528	F1	V09	0	0	0	0	0	0	0	2	11	17	45	71	86	129	105	129	152	147	130	55	170	167	93	172	12	208	96	106	82	32	131	54	17	103	13	50	56	23	29	6	78	34	31	16	5	35	26	15	6	0	92	7	11	31	56	13	22	23	49	4	101	42	22	80	52	6	142	3	54	87	194	106	194	110	7	253	284	101	249	31	647	561	180	555	493	536	504	348	629	250	1494	654	1055	735	713	644	318	41	2	18893
fam0528-T-V00	fam0528	T	V00	0	0	0	0	0	2	15	16	34	52	69	94	90	106	108	132	131	112	117	87	167	118	111	102	81	144	102	73	82	82	108	61	62	88	67	61	71	58	70	38	81	70	49	38	40	48	40	24	39	4	34	22	17	17	17	23	23	19	15	16	22	15	16	18	10	9	19	5	13	9	20	16	14	13	3	17	14	11	18	6	45	46	6	33	31	35	45	33	72	51	306	186	306	321	452	635	702	312	18	45653
fam0528-T-V01	fam0528	T	V01	0	0	0	0	24	56	176	354	642	739	1110	1156	1263	1228	1151	1091	1119	1083	885	692	931	733	665	656	358	717	521	442	412	329	516	366	209	473	205	314	364	224	304	107	469	268	285	194	200	338	316	289	221	23	855	235	397	425	443	404	409	504	522	303	864	589	557	642	653	684	974	461	815	725	1090	773	1006	914	523	1350	1145	880	1149	616	1647	1228	1124	1132	1290	1384	1359	1160	1442	1019	1847	1300	1662	1536	1425	1494	1553	1430	658	14900
fam0528-T-V02	fam0528	T	V02	0	361	3732	5697	5915	5435	3900	2445	1333	699	457	259	193	153	133	108	118	113	96	61	114	97	96	84	58	122	80	70	95	64	111	78	61	95	76	93	87	66	94	63	136	100	88	68	76	114	104	90	75	33	192	57	101	95	134	92	113	123	116	102	199	132	136	150	161	173	161	130	180	150	234	198	237	227	206	348	329	316	330	312	507	476	508	586	641	791	931	1200	1596	2054	3119	3591	3903	3623	3096	2887	3256	4392	5710	20727
fam0528-T-V03	fam0528	T	V03	0	1	31	130	193	189	167	156	112	80	97	61	67	70	62	51	46	42	34	19	14	19	6	7	8	3	6	2	4	4	2	3	1	1	1	4	2	4	2	3	6	2	3	7	1	2	5	1	5	3	7	2	2	2	4	3	3	7	5	2	9	3	1	10	4	3	15	7	6	9	13	10	17	11	5	22	17	13	27	13	48	50	18	49	62	43	54	55	79	66	195	144	253	273	386	595	1090	2500	7958	51126
fam0528-T-V04	fam0528	T	V04	0	0	0	0	0	2	3	2	9	16	34	33	38	52	40	53	51	59	55	31	51	49	51	48	43	68	59	55	48	44	50	44	52	44	52	39	46	46	33	36	46	46	44	33	34	36	37	38	46	22	56	32	32	35	30	34	38	32	23	23	36	29	23	31	34	20	23	26	24	24	25	23	15	27	17	18	22	8	15	11	39	35	3	30	29	34	35	39	76	45	356	212	370	451	579	888	1373	1298	212	44165
fam0528-T-V05	fam0528	T	V05	0	0	2	4	6	9	7	5	6	10	8	6	9	5	7	4	7	7	8	8	9	4	4	7	2	7	6	4	3	4	2	7	7	7	7	7	7	5	10	5	11	6	6	4	6	5	3	8	7	5	8	3	5	8	4	7	6	5	6	6	9	5	5	2	6	7	5	1	4	3	4	5	9	4	6	8	7	2	10	6	11	19	13	22	20	21	15	31	28	36	100	72	117	123	162	284	497	1110	4179	65379
fam0528-T-V06	fam0528	T	V06	0	0	6	82	269	505	664	790	876	849	855	748	644	480	446	310	239	189	158	112	117	96	77	58	39	67	52	44	43	32	44	37	26	47	22	27	36	29	40	25	57	35	50	27	31	49	34	47	30	5	69	27	54	48	52	45	38	64	63	35	85	54	56	75	74	67	94	68	91	63	113	120	126	130	74	213	193	158	229	206	363	360	353	487	504	648	771	777	942	905	1153	849	952	816	762	857	1113	1786	4508	47730
fam0528-T-V08	fam0528	T	V08	0	0	0	0	0	0	0	1	7	5	20	26	31	46	48	41	45	51	40	25	58	36	37	39	10	46	25	30	18	9	36	9	0	16	5	12	10	9	9	1	14	8	3	6	3	10	6	8	4	0	25	0	3	8	13	12	5	12	9	3	44	17	7	39	22	3	42	2	17	35	79	40	102	41	3	132	137	51	120	18	394	330	134	337	367	391	374	307	567	267	1424	786	1169	1016	1066	1133	999	368	16	23673
fam1338-T-V00	fam1338	T	V00	0	2	4	9	7	10	16	8	11	7	2	14	4	3	5	5	7	6	7	5	6	8	3	9	6	5	13	5	12	10	6	5	5	8	9	12	15	5	13	3	21	12	10	14	5	16	7	10	8	6	22	7	11	9	12	5	8	7	13	10	11	10	7	11	13	5	15	9	13	4	31	6	27	10	10	32	25	16	27	7	55	61	26	55	54	76	74	65	111	82	279	191	331	365	520	859	1552	3272	9081	56369
fam1338-T-V02	fam1338	T	V02	0	0	0	0	0	0	0	0	1	4	9	14	21	43	55	88	134	138	169	121	325	377	329	534	87	735	597	623	560	388	1042	563	148	1227	237	861	906	476	874	171	1303	867	851	406	408	858	772	662	182	2	2185	120	706	742	597	387	410	685	693	141	959	597	352	572	461	264	763	39	383	353	618	314	465	287	21	426	380	128	247	25	557	430	141	305	276	241	203	146	261	94	744	297	488	333	312	383	187	35	0	13407
fam1385-T-V02	fam1385	T	V02	0	0	0	0	0	0	0	4	9	19	24	49	66	83	114	137	211	210	211	184	366	332	352	375	212	640	478	435	467	383	596	516	319	731	388	530	525	406	567	208	647	488	472	314	339	482	400	425	293	1	951	233	477	415	363	368	359	463	432	232	680	470	370	412	453	404	582	189	493	308	508	263	420	340	153	379	345	200	271	95	363	269	135	205	226	192	188	137	222	128	659	386	656	627	762	1015	1254	856	111	32411
fam1385-T-V05	fam1385	T	V05	0	0	125	722	1619	2274	2529	2330	1976	1508	1207	796	622	465	366	265	264	201	165	148	163	141	96	101	63	133	110	90	109	70	106	92	57	136	58	88	100	63	100	46	139	90	105	76	69	117	106	82	73	15	224	75	109	103	116	100	110	154	123	91	208	128	134	144	189	168	252	134	208	211	285	222	289	312	229	394	397	367	475	396	721	638	738	822	971	1150	1400	1554	2005	2201	2837	2925	3171	3037	2808	2520	2547	2623	3887	26524
fam1385-T-V06	fam1385	T	V06	0	0	6	58	115	156	129	153	132	128	128	99	101	83	85	81	61	66	72	45	56	41	43	37	30	26	24	24	28	17	28	13	14	23	12	12	18	16	14	7	15	12	8	6	6	13	13	6	11	3	17	8	12	4	15	8	9	13	16	6	22	12	11	12	14	10	20	5	11	11	30	13	36	21	10	55	36	24	41	13	113	91	51	109	107	120	119	116	223	158	512	360	634	753	1023	1580	2731	3743	5147	42537
fam1663-T-V00	fam1663	T	V00	0	0	0	0	0	0	1	2	4	4	11	12	13	6	4	7	8	6	7	0	8	6	4	5	1	1	0	3	3	2	2	4	0	2	2	3	6	2	3	2	2	2	3	1	3	3	0	2	1	0	3	1	1	0	4	4	4	3	4	2	5	1	2	1	2	2	3	0	4	3	7	2	1	4	0	7	9	2	5	1	28	40	5	28	35	34	36	34	77	46	323	182	342	394	511	740	880	661	174	43748
fam1663-T-V01	fam1663	T	V01	0	0	0	3	11	9	18	12	4	5	6	4	9	8	1	5	5	2	2	1	3	2	2	5	0	3	4	5	3	0	5	4	4	1	2	4	1	4	3	3	2	4	2	4	1	4	8	3	5	3	16	4	2	8	11	5	2	6	16	1	17	7	7	11	4	2	12	0	7	11	26	12	25	15	3	29	40	7	27	3	100	72	33	67	83	98	126	113	213	112	439	333	575	633	969	1569	2766	4665	7960	46137
fam1663-T-V04	fam1663	T	V04	0	0	0	0	0	1	13	24	70	77	183	199	255	331	329	436	484	603	534	434	846	725	741	768	536	1191	929	886	992	956	1185	1064	1016	1344	1217	1338	1418	1333	1459	1008	1832	1478	1604	1245	1355	1538	1353	1223	1376	410	1868	1071	1096	1109	911	885	858	910	817	502	877	591	571	502	456	468	469	281	356	283	343	193	264	197	112	229	165	120	141	60	180	122	98	129	105	122	106	94	124	67	243	179	242	250	309	478	661	848	699	20807
fam1663-T-V07	fam1663	T	V07	0	8	11	5	9	10	7	8	3	4	5	2	4	5	5	4	4	7	4	4	2	4	12	3	4	4	3	7	3	2	4	2	6	3	5	3	4	4	6	0	6	5	4	1	5	3	5	5	3	4	8	5	4	11	9	3	10	6	6	1	12	8	5	7	13	5	15	9	17	16	25	17	30	17	2	26	34	19	37	8	92	59	30	77	61	97	83	87	122	86	299	220	321	401	558	743	1399	2805	8796	56526
fam1664-F1-V00	fam1664	F1	V00	0	1	66	624	1880	2730	3241	2938	2652	1973	1495	1024	681	460	335	258	199	152	104	104	118	85	78	98	55	106	81	69	86	56	88	72	47	87	49	92	73	69	68	39	104	77	79	55	70	88	74	73	73	12	192	68	110	101	95	90	93	123	137	67	166	114	113	142	164	138	175	134	183	174	247	170	246	247	173	313	289	299	366	271	486	475	514	547	738	854	1076	1274	1699	1955	2612	2756	3163	2846	2316	1959	1513	1293	1741	30784
fam1664-F1-V01	fam1664	F1	V01	0	0	1	10	23	10	13	9	15	4	8	7	5	9	6	7	9	8	8	6	5	4	11	9	5	6	7	4	9	9	5	5	5	13	7	9	12	8	11	7	7	11	4	6	4	4	9	3	3	2	20	8	3	3	7	2	7	8	14	4	10	5	4	12	11	8	18	5	15	7	16	11	21	11	2	31	32	10	23	8	63	53	25	65	61	86	101	76	152	124	383	221	400	488	697	1149	2004	3569	6957	45083
fam1664-F1-V02	fam1664	F1	V02	0	0	3	16	24	30	14	8	11	8	14	5	12	10	8	14	8	13	5	5	9	8	9	7	6	9	12	5	6	4	7	8	8	6	8	8	6	6	11	4	6	6	8	5	9	16	5	4	4	5	21	6	8	13	11	14	3	12	5	1	21	13	11	19	11	4	25	2	15	24	40	18	40	20	4	36	44	28	44	10	92	105	45	74	87	108	105	110	179	148	429	350	541	649	861	1455	2645	4739	8655	41372
fam1664-F1-V03	fam1664	F1	V03	0	12	633	2351	3717	4729	4727	3559	2344	1266	764	425	275	228	165	133	130	103	113	94	106	110	84	86	66	112	101	70	93	62	69	83	73	76	88	76	85	81	93	59	110	83	84	67	75	85	103	88	81	30	130	91	100	102	103	115	98	105	108	79	141	135	139	140	150	130	156	145	157	170	197	204	217	217	209	298	268	266	356	315	415	379	433	505	557	688	808	995	1233	1668	2505	3305	4119	4002	3178	2211	1481	1200	1944	32923
fam1664-F1-V06	fam1664	F1	V06	0	0	72	680	1466	1621	1526	1392	1345	1285	1461	1472	1650	1646	1575	1533	1469	1288	1069	869	889	711	570	498	329	440	346	279	280	232	256	243	214	244	179	231	232	165	196	127	232	183	233	174	197	214	205	189	184	94	410	200	237	226	239	248	260	282	261	231	381	320	292	343	365	357	419	382	528	457	670	608	723	764	731	1058	1145	1194	1382	1369	1736	1541	1602	1494	1556	1450	1269	1006	989	757	950	843	992	1106	1340	1688	1825	1829	2335	23539
fam1664-F1-V07	fam1664	F1	V07	0	0	13	221	401	376	291	215	148	66	80	44	43	28	20	26	21	15	30	14	19	20	4	10	6	16	7	14	15	12	10	11	10	14	11	13	16	10	15	12	19	12	15	15	9	16	13	14	11	12	39	14	8	20	18	12	8	16	14	9	34	22	17	28	27	9	47	1	32	25	62	34	78	49	10	86	74	45	73	13	154	158	84	154	188	160	203	255	337	317	781	611	1076	1319	1798	2638	3721	4594	5755	35941
fam1664-T-V00	fam1664	T	V00	0	0	0	0	0	2	5	24	41	89	162	213	304	374	376	405	525	575	505	385	735	587	474	535	229	702	464	411	364	268	503	304	108	462	115	308	302	165	271	69	383	237	224	114	117	268	239	180	71	5	730	63	253	306	260	196	217	345	420	125	597	473	343	471	459	362	872	173	590	451	895	533	828	734	231	1090	1055	516	816	334	1461	1021	654	871	878	960	809	560	819	449	1488	730	1006	801	763	849	770	368	57	17869
fam1664-T-V01	fam1664	T	V01	0	0	0	1	4	23	84	237	409	467	641	620	767	721	744	703	701	719	643	459	800	626	578	545	281	695	499	454	455	313	514	377	241	463	225	308	351	263	309	136	418	293	258	189	168	282	285	255	171	17	701	171	324	332	335	275	289	384	470	195	613	465	374	457	478	409	677	259	600	472	734	479	685	572	264	890	801	507	705	357	1183	795	761	840	964	1091	1056	918	1282	903	1771	1315	1629	1536	1522	1683	1739	1356	656	19894
fam1664-T-V02	fam1664	T	V02	0	0	0	31	180	592	1099	1658	2116	2213	2840	2594	2877	2771	2781	2728	2809	2574	2497	2030	2667	2177	2079	1869	1525	2208	1783	1696	1654	1533	1732	1553	1460	1615	1436	1603	1617	1480	1582	1202	1782	1378	1493	1288	1315	1496	1379	1282	1198	638	1800	1008	1130	1045	935	947	909	877	885	633	997	772	725	663	659	642	768	521	642	543	671	587	637	585	375	750	646	564	645	484	786	636	590	572	555	502	493	437	439	348	491	384	414	387	429	491	614	749	1168	17000
fam1664-T-V03	fam1664	T	V03	0	53	1254	2103	1627	1377	1233	1128	1092	1102	1218	1227	1350	1413	1471	1687	1859	1880	1994	2089	2179	2021	1833	1627	1288	1203	977	788	654	544	478	434	350	376	288	285	262	251	259	186	270	215	221	212	216	235	223	232	221	148	346	231	244	235	266	239	286	311	326	298	415	386	385	418	481	526	599	630	732	862	987	989	1167	1272	1286	1546	1515	1398	1299	1092	1122	925	732	751	688	591	579	516	587	546	654	641	829	1019	1390	1970	2689	3753	4345	21840
fam1664-T-V04	fam1664	T	V04	0	0	0	0	4	18	68	110	157	132	153	120	125	87	80	55	43	37	34	31	42	26	14	22	6	20	18	10	6	12	9	16	7	17	5	15	31	7	17	4	18	21	10	10	6	21	13	5	6	0	47	4	13	16	20	12	11	14	28	1	40	19	9	35	23	16	61	2	26	45	67	38	89	47	9	91	108	48	124	34	246	196	133	293	260	363	410	388	615	479	1192	997	1497	1562	1783	2261	2577	2592	1810	33882
fam1664-T-V05	fam1664	T	V05	0	0	31	441	1435	2511	3220	3412	3334	3092	2805	2313	2051	1734	1410	1273	1077	917	808	628	660	561	455	417	261	431	367	290	293	231	352	276	166	333	223	293	264	224	301	153	409	279	312	208	196	301	297	297	277	56	583	224	345	305	310	286	331	318	356	218	508	422	378	412	444	439	587	396	574	510	694	590	777	741	686	1133	1111	1100	1340	1246	1819	1772	1815	1839	1807	1797	1704	1674	1720	1570	1796	1615	1599	1466	1262	1273	1233	1248	2071	18835
fam1664-T-V06	fam1664	T	V06	0	1	2	23	144	340	597	843	1027	1148	1417	1244	1321	1232	1171	1105	1084	950	988	749	1013	903	921	863	723	1178	965	950	1073	1027	1234	1068	1224	1327	1297	1490	1575	1628	1693	1515	1951	1753	1918	1830	1815	1975	1860	1884	1833	1259	2313	1582	1630	1434	1241	1261	1156	1062	973	725	921	717	653	577	507	471	477	348	431	348	404	312	330	299	186	367	324	251	300	214	432	338	288	322	376	413	389	342	437	313	627	419	574	596	690	934	1271	1771	2655	23654
fam1664-T-V07	fam1664	T	V07	0	0	68	640	1533	2155	2459	2433	2386	1972	2030	1528	1341	1012	821	646	563	427	350	237	329	221	159	182	90	156	107	91	94	61	102	84	37	85	23	69	74	42	54	32	113	62	70	46	33	96	84	63	44	5	192	39	89	94	78	70	65	89	129	38	151	111	112	129	134	115	205	85	182	133	266	202	268	260	156	436	402	365	447	316	813	709	711	867	998	1178	1279	1322	1561	1467	2187	1749	2118	2046	2217	2490	2827	3393	4023	21578
fam1665-F1-V03	fam1665	F1	V03	0	0	0	0	0	9	71	178	282	365	498	429	460	416	420	393	432	426	414	274	472	358	383	363	221	515	397	362	375	268	402	356	243	431	261	332	349	251	304	155	390	273	263	179	205	274	280	252	216	28	620	184	310	315	278	234	272	295	320	158	501	354	284	372	335	331	526	196	364	302	459	279	459	362	168	573	544	383	539	254	941	704	613	759	821	971	1038	910	1352	1008	2126	1517	2001	1925	2117	2432	2885	2334	1227	21794
fam1665-T-V01	fam1665	T	V01	0	0	0	0	0	0	0	0	0	0	2	2	2	2	1	2	3	2	3	0	3	1	3	1	2	1	1	0	2	3	3	0	2	7	2	2	3	2	4	1	2	3	4	4	2	6	3	4	2	0	3	3	2	5	2	3	5	2	1	0	5	4	1	7	0	3	0	1	1	1	8	4	4	3	2	3	8	3	5	0	34	38	10	47	48	54	40	57	82	45	387	215	414	384	478	650	689	335	21	41799
fam1665-T-V03	fam1665	T	V03	0	0	0	8	18	108	271	447	732	755	1026	1022	1152	1104	1102	1163	1088	1143	970	808	1243	1004	926	973	639	1265	951	886	988	817	1181	905	737	1071	814	945	1017	871	911	564	1209	799	870	672	747	845	804	697	696	175	1331	576	720	686	670	558	565	667	620	340	761	581	483	515	592	464	705	293	550	421	719	473	657	564	284	873	750	567	768	427	1162	852	805	871	985	1050	999	824	1135	781	1361	993	1114	1061	1034	1111	1111	1052	664	19543
fam1665-T-V07	fam1665	T	V07	0	0	3	47	204	377	523	612	772	739	806	739	685	665	611	610	559	531	522	393	675	546	598	583	408	760	625	586	640	573	773	675	660	883	656	808	895	791	836	624	1064	898	887	804	820	892	856	780	762	375	1260	710	792	723	767	671	700	608	644	411	717	558	476	483	424	383	441	268	353	280	436	258	347	283	142	393	326	240	279	170	431	343	299	363	412	453	470	397	593	434	941	597	925	884	952	1264	1630	2058	2582	30332
fam1667-T-V00	fam1667	T	V00	0	0	0	3	5	5	5	14	6	12	6	14	9	14	10	13	15	12	15	10	9	8	8	13	7	12	9	5	10	11	6	8	11	10	8	15	10	17	9	10	15	10	10	7	13	13	13	10	7	8	26	14	11	9	9	8	5	2	5	4	6	5	7	9	6	7	11	8	0	4	7	11	8	9	3	12	9	9	9	6	28	25	5	16	12	32	17	26	26	18	110	80	130	134	185	303	605	1240	3598	58255
fam1667-T-V01	fam1667	T	V01	0	0	2	14	45	82	92	95	100	69	102	80	76	79	77	61	53	41	51	19	43	20	19	15	18	14	13	9	13	8	15	13	8	14	13	6	10	7	8	10	4	8	8	11	7	13	11	9	10	6	9	13	8	5	12	4	7	3	3	6	5	9	10	5	9	9	3	9	8	2	11	7	14	8	5	14	6	9	14	7	21	18	17	20	28	23	34	28	39	31	78	47	95	112	168	291	459	994	2703	57401
fam1667-T-V02	fam1667	T	V02	0	0	1	3	18	29	19	26	20	8	10	10	10	10	14	11	11	3	6	11	11	12	11	4	9	9	5	8	12	10	8	6	10	12	6	10	8	7	8	10	7	16	7	11	9	14	14	18	7	7	18	8	6	8	7	5	6	6	7	4	10	9	5	4	5	3	7	6	6	7	8	7	6	2	5	10	12	3	9	7	19	17	9	15	18	20	23	18	25	20	131	100	155	183	264	459	852	1644	3492	53914
fam1667-T-V03	fam1667	T	V03	0	0	19	61	77	74	46	24	22	16	11	20	14	15	10	11	12	12	16	6	8	9	12	11	8	8	18	11	12	5	9	10	10	12	5	6	7	11	12	7	12	9	12	7	13	10	15	13	13	6	9	11	10	16	11	9	10	7	7	7	12	9	8	10	9	7	11	6	10	10	14	6	15	17	5	12	8	8	11	7	28	25	6	24	23	27	34	27	32	28	125	75	116	147	192	352	586	1217	3947	59324
fam1667-T-V04	fam1667	T	V04	0	0	17	84	108	72	36	17	16	14	11	8	16	11	18	11	12	17	11	5	11	8	11	14	16	16	8	6	12	12	14	13	11	12	16	14	6	8	12	9	11	12	10	10	8	11	8	15	16	9	16	12	15	12	8	8	7	8	10	7	3	9	6	7	4	7	9	7	8	7	9	12	16	13	8	10	3	10	8	7	25	15	5	17	21	22	26	16	22	21	78	56	101	147	202	324	557	1173	3997	60419
fam1667-T-V05	fam1667	T	V05	0	0	29	48	44	23	26	16	14	10	10	16	16	11	13	9	15	15	13	17	10	6	11	9	9	11	8	8	11	13	7	14	16	16	15	12	12	11	9	12	9	11	3	4	6	15	13	15	14	15	20	14	8	13	9	10	7	8	8	12	11	7	8	8	6	7	17	9	10	7	17	12	15	17	9	20	17	19	13	3	33	30	17	38	30	42	34	37	55	36	174	116	191	208	269	428	842	1461	5236	58904
fam1667-T-V06	fam1667	T	V06	0	0	0	0	12	24	63	74	75	58	64	45	61	36	42	33	23	22	25	15	22	23	13	17	8	11	6	8	9	5	14	5	12	4	6	11	13	9	7	8	10	9	5	7	9	8	16	11	8	6	9	19	8	10	5	7	9	7	6	9	8	6	2	8	3	5	4	6	4	5	8	5	10	0	2	12	8	2	9	3	24	25	13	15	27	25	25	26	45	18	98	79	135	142	225	401	707	1373	3014	53903
fam1667-T-V07	fam1667	T	V07	0	0	15	151	534	970	1360	1668	1886	1970	2336	2238	2176	2033	1832	1600	1373	1137	936	666	678	446	387	310	197	282	185	179	183	155	177	153	102	194	92	130	146	109	145	79	200	117	155	105	117	148	148	143	148	20	293	117	186	144	137	134	169	219	203	116	262	209	205	230	240	254	299	241	300	285	385	368	467	420	353	700	697	738	888	861	1352	1345	1393	1656	1790	1879	1953	1741	1855	1486	1653	1192	1091	863	813	934	1067	1581	2653	28159
fam1668-T-V01	fam1668	T	V01	0	0	0	2	6	29	85	162	247	247	300	206	251	172	147	112	98	80	60	38	53	40	39	48	14	42	25	24	29	8	40	24	6	28	12	17	15	10	12	3	31	21	13	11	9	31	24	11	8	1	85	5	13	26	26	12	11	28	33	8	83	43	22	53	48	15	102	13	33	67	136	79	125	107	22	204	209	122	162	61	392	347	252	373	482	562	662	644	995	761	1679	1312	1907	2025	2131	2539	2739	2598	1411	35901
fam1673-T-V00	fam1673	T	V00	0	0	0	3	4	4	7	6	9	9	9	8	13	15	8	9	9	7	7	10	12	7	7	7	8	15	10	14	12	8	15	17	9	9	7	13	8	17	6	6	10	13	18	11	11	10	9	4	10	11	7	9	7	8	10	11	5	5	10	7	4	2	8	7	6	8	11	3	10	10	9	2	12	8	1	18	5	7	6	3	25	32	4	22	31	26	30	34	46	25	181	113	180	224	287	470	968	1989	5803	52818
fam1673-T-V01	fam1673	T	V01	0	0	0	0	2	19	24	39	33	24	25	21	10	21	12	13	13	9	11	11	18	8	9	8	7	19	10	5	15	12	11	8	4	13	8	12	12	9	4	6	14	6	13	5	5	7	7	9	5	2	26	9	7	11	16	7	7	5	12	6	25	14	9	13	9	5	26	4	13	25	28	26	46	21	3	57	52	17	47	11	153	118	56	138	149	178	165	162	302	242	798	554	1033	1182	1632	2340	3266	3982	4420	36420
fam1673-T-V02	fam1673	T	V02	0	0	0	0	9	10	14	13	13	11	6	8	7	12	13	7	6	12	11	6	15	7	12	12	10	13	9	6	8	6	7	10	9	11	13	15	10	6	7	4	13	7	8	7	10	7	9	14	9	9	11	5	6	2	5	5	4	10	7	7	7	3	9	9	2	2	14	2	4	4	4	5	5	2	3	9	4	8	10	5	25	23	12	25	33	36	30	31	55	31	215	163	289	391	564	1106	2155	4254	8515	41061
fam1674-T-V00	fam1674	T	V00	0	33	208	247	194	153	172	126	83	85	70	54	35	23	15	14	13	7	8	8	13	10	8	5	10	7	6	8	14	13	6	5	4	7	5	9	10	11	11	10	6	13	6	7	10	7	10	6	5	12	11	10	7	7	9	8	10	5	6	5	8	2	6	10	9	8	8	3	4	5	5	8	6	9	1	9	7	8	2	6	16	5	4	11	22	17	20	17	23	24	55	37	51	61	94	146	251	481	1772	43904
fam1674-T-V01	fam1674	T	V01	0	14	105	216	235	178	185	145	119	114	104	84	73	80	67	72	65	58	58	48	45	54	49	46	44	45	33	38	16	16	12	9	12	5	9	5	13	14	12	8	10	12	7	9	10	7	8	6	9	5	18	9	5	8	2	5	9	6	7	4	5	5	9	6	10	6	10	8	15	8	17	9	15	7	6	7	11	6	7	5	9	11	11	5	9	11	16	11	15	22	35	28	66	65	86	104	201	438	1546	43661
fam1674-T-V02	fam1674	T	V02	0	0	10	60	110	124	130	125	116	116	97	94	94	71	86	85	69	74	66	76	73	64	66	51	63	52	49	57	46	55	48	45	46	40	59	35	45	47	42	34	42	23	22	49	28	26	40	50	44	40	33	39	28	33	27	25	15	18	15	10	20	11	14	6	10	6	8	9	6	4	8	8	11	4	4	7	10	7	7	4	14	15	10	9	19	12	18	27	23	19	62	34	61	50	74	148	239	560	2121	41866
fam1674-T-V03	fam1674	T	V03	0	0	0	0	10	30	60	62	52	50	75	65	77	68	84	69	62	76	55	51	66	71	54	53	57	67	63	55	54	38	53	52	68	50	45	57	55	53	34	50	53	48	44	34	50	51	46	41	32	29	46	40	34	37	41	48	39	39	34	35	35	42	40	35	35	39	38	48	61	59	59	51	51	35	33	39	25	14	11	7	26	16	8	17	15	13	12	18	21	13	75	38	75	86	121	224	420	959	2573	37227
fam1674-T-V05	fam1674	T	V05	2	16	130	202	214	146	167	119	138	133	104	114	98	116	86	92	90	85	72	66	72	67	67	67	60	75	61	57	58	56	64	58	57	54	49	52	42	55	50	37	45	32	50	42	37	39	30	42	45	23	30	35	30	28	33	29	24	26	21	35	37	45	45	48	53	43	56	40	40	33	53	23	22	32	6	36	30	20	27	12	42	39	22	45	39	44	51	48	71	50	166	128	173	237	302	502	859	1976	5359	36419
